112
197
538
626
667
709
925
948
1189
1297
1305
1387
1435
1462
1466
1483
1615
1623
2046
2133
2160
2246
2298
2309
2486
2494
2547
2562
2573
2589
2608
2959
3005
3177
3184
3363
3432
3559
3581
3701
4061
4253
4278
4370
4722
4734
4910
4988
5106
5149
5161
5254
5346
5506
5652
5700
5706
5888
5905
6106
6516
6536
6690
6891
7189
7307
7409
7434
7464
7641
7828
7984
8001
8096
8164
8172
8286
8356
8487
8493
8623
8631
8822
8992
9056
9112
9157
9223
9278
9304
9393
9445
9557
9710
9714
9736
9741
9800
9870
9917
9939
10095
10314
10502
10542
10574
10640
10644
10808
10910
10942
11030
11066
11129
11233
11373
11391
11436
11579
11670
11738
11974
12073
12137
12146
12382
12406
12486
12531
12591
12621
12820
12942
13079
13128
13250
13284
13563
13815
13826
13885
13932
14060
14206
14250
14280
14379
14488
14689
14734
14860
14880
14943
14944
15058
15160
15344
15347
15367
15435
15527
15538
15644
15797
15927
15930
15951
16046
16050
16182
16360
16813
16889
16978
17020
17248
17302
17479
17594
17672
17769
17846
17888
17891
17962
18076
18079
18150
18234
18304
18345
18398
18409
18675
18682
18882
18914
18924
18935
19237
19289
19361
19411
19426
19565
19873
20021
20066
20275
20342
20398
20409
20441
20653
20693
20809
20830
20877
20990
21048
21125
21239
21313
21475
21587
21693
21717
21742
21745
21901
21950
21961
22009
22060
22102
22158
22226
22310
22407
22615
22902
22944
23058
23246
23526
23646
23885
23937
24209
24276
24402
24455
24689
24769
24818
25085
25273
25415
25448
25572
25667
25672
25719
25810
25883
25935
26198
26306
26750
26932
26968
27025
27148
27530
27701
27762
27790
27796
27952
27975
28013
28179
28277
28314
28442
28449
28553
28706
28764
28891
28924
29208
29414
29460
29469
29470
29501
29603
29636
29644
29756
29876
29884
29911
29960
29995
30002
30022
30170
30527
30557
30585
30594
30813
30934
30951
31280
31310
31313
31429
31562
31780
31825
31897
31910
32011
32069
32261
32390
32412
32473
32537
32696
32710
32861
33184
33248
33445
33817
33875
34050
34287
34344
34451
34462
34467
34541
34620
34822
35120
35248
35444
35487
35497
35663
35686
36071
36132
36263
36318
36417
37068
37175
37888
38063
38387
38553
38694
38730
38796
38875
38971
39005
39092
39145
39274
39327
39422
39492
39530
39574
39617
39857
39985
40219
40319
40458
40568
40834
40852
40908
40927
40979
41060
41133
41234
41447
41485
41683
41748
41750
41903
42048
42254
42294
42301
42471
42599
42625
43117
43131
43152
43291
43391
43459
43548
43612
43975
44016
44067
44101
44145
44167
44310
44337
44482
44593
44720
44997
45008
45017
45154
45197
45232
45256
45269
45320
45398
45494
45510
45520
45575
45593
45615
45652
45683
45787
45955
46032
46096
46168
46185
46340
46354
46641
46750
46875
46900
46905
46995
47196
47292
47324
47327
47476
47485
47553
47748
47770
47857
47933
48006
48030
48073
48146
48149
48158
48187
48189
48208
48316
48488
48660
48687
48721
48723
48746
48853
48886
49023
49195
49277
49298
49542
49614
49785
49815
49818
49921
49982
