4
271
282
502
543
643
732
960
1017
1129
1345
1351
1396
1565
1652
1712
1808
1843
1993
2124
2217
2250
2368
2591
2664
2787
2908
2998
3168
3275
3441
3553
3724
4109
4162
4165
4171
4232
4244
4309
4348
4969
4987
4995
5135
5356
5365
5366
5479
5513
5537
5590
5690
5775
5811
5850
5892
5986
6088
6206
6316
6395
6483
6504
6648
6767
6893
7058
7135
7367
7383
7480
7552
7685
7849
7974
7997
8192
8353
8431
8599
8713
8752
8772
8835
8967
9004
9057
9164
9165
9352
9388
9391
9418
9498
9790
9850
9884
9908
10010
10138
10151
10293
10300
10444
10550
10637
10806
11051
11098
11213
11622
11876
12095
12179
12218
12238
12413
12461
12545
12609
12778
12796
12847
12974
13073
13221
13389
13424
13631
13644
13779
13789
13878
13934
13954
13964
14050
14150
14341
14531
14606
14656
14692
14750
14834
14931
15180
15334
15416
15466
15517
15553
15597
15635
15713
15723
15778
15859
15923
15940
16282
16398
16469
16504
16588
16629
16665
16752
16966
17009
17015
17084
17120
17321
17336
17350
17742
17817
17849
18023
18050
18126
18149
18248
18355
18592
18824
18827
18862
19089
19114
19164
19260
19322
19325
19678
19721
19761
19776
19879
19987
20090
20127
20298
20479
20520
20544
20566
20635
20781
20947
20972
21155
21168
21271
21298
21467
21619
21755
21848
22043
22143
22205
22368
22428
22524
22616
22657
22775
22859
23036
23285
23420
23459
23514
23518
23552
23984
24191
24306
24410
24512
24575
24858
24916
24922
24948
25218
25367
25375
25691
25949
25974
26030
26086
26099
26124
26214
26254
26334
26959
27152
27208
27227
27254
27280
27365
27480
27485
27655
27936
27954
27983
28068
28069
28112
28125
28126
28189
28293
28301
28320
28603
28686
28905
29089
29098
29154
29178
29218
29302
29322
29363
29411
29513
29928
30118
30161
30194
30195
30214
30433
30434
30523
30664
30783
30798
30928
30931
30953
31084
31103
31177
31328
31360
31513
31617
31695
31716
31773
31799
31826
31952
31999
32065
32176
32317
32666
32752
32884
33071
33461
33601
33655
34043
34115
34331
34379
34408
34606
34678
34919
35107
35555
35710
35826
36168
36171
36266
36282
36320
36399
36569
36666
36781
36894
36953
36969
37025
37197
37322
37390
37564
37742
37877
37923
38154
38180
38181
38182
38247
38283
38359
38686
38904
38998
39167
39291
39375
39423
39424
39455
39673
39694
39770
39988
40071
40152
40372
40410
40442
40532
40670
40729
40836
40921
40959
41001
41032
41114
41141
41308
41352
41356
41577
41762
41828
41842
41860
41889
41909
41939
42038
42145
42278
42419
42672
42750
42767
42835
42863
42897
42932
42934
42948
43016
43213
43369
43448
43477
43522
43670
43724
43882
43886
44037
44148
44352
44355
44386
44406
44434
44443
44461
44611
44625
44654
44693
44775
44776
44798
44857
45011
45073
45118
45245
45440
45643
45973
46024
46097
46226
46328
46345
46390
46434
46455
46851
46920
47008
47058
47481
47716
47764
47926
48041
48075
48093
48200
48413
48450
48456
48486
48536
48888
48946
48998
49050
49209
49445
49624
49675
49682
49726
49765
49820
49877
49919
49971
