45
138
358
431
605
608
765
775
827
845
978
1022
1217
1475
1572
2086
2362
2581
2751
2770
2775
2786
2792
2803
2861
2885
3075
3089
3090
3123
3233
3245
3459
3527
3627
3990
4072
4082
4111
4129
4607
4629
4781
4793
4872
5005
5069
5091
5101
5242
5326
5374
5515
5702
5773
5817
5842
5935
5939
6049
6063
6129
6145
6270
6302
6433
6467
6510
6811
7053
7168
7190
7242
7665
7681
7694
7834
7926
7945
7960
8108
8125
8131
8210
8315
8424
8445
8575
8826
8850
8907
8923
8930
8984
8999
9014
9093
9107
9263
9628
9750
9796
10135
10148
10209
10228
10287
10426
10456
10490
10498
10596
10638
10767
10779
11034
11120
11318
11417
11446
11542
11599
11844
11846
11970
12192
12422
12586
12654
13001
13003
13182
13257
13262
13347
13393
13412
13467
13572
13722
13726
13744
13867
14065
14176
14244
14284
14286
14387
14403
14446
15011
15173
15210
15375
15619
15861
15873
16131
16171
16181
16345
16506
16531
16626
16726
17031
17037
17051
17076
17095
17101
17230
17523
17878
18094
18218
18298
18437
18496
18536
18579
18689
18783
18881
18913
18942
19135
19167
19297
19371
19391
19641
19658
19700
19983
20040
20223
20258
20353
20412
20454
20529
20626
20632
20640
20688
20728
20815
20903
20993
21013
21172
21321
21465
21479
21633
21864
21888
21963
21981
21990
22103
22233
22279
22299
22442
22488
22618
22750
22767
22936
22957
23109
23371
23458
23601
23609
23667
23722
23731
23756
23778
23969
24056
24200
24215
24279
24324
24345
24480
24531
24592
24694
24758
25052
25054
25071
25164
25175
25215
25324
25391
25394
25776
25792
25937
26047
26318
26669
26683
26786
26822
27027
27033
27037
27416
27484
27529
27662
27673
27862
27900
28095
28099
28230
28298
28431
28492
28517
28677
28799
28912
28994
29040
29227
29249
29422
29987
30014
30071
30128
30238
30624
30768
30774
30823
30892
30973
30992
30993
31062
31162
31224
31337
31341
31579
31626
31940
32042
32173
32410
32418
32529
32606
32639
32760
32774
32777
32820
32931
33091
33448
33480
33759
33764
33981
34025
34067
34295
34394
34730
34758
34764
34811
34898
34958
35000
35209
35262
35281
35339
35386
35418
35788
35830
35857
35859
35981
36014
36024
36045
36176
36220
36376
36458
36490
36496
36555
36706
36805
36994
37133
37394
37523
37556
37603
37631
37944
38020
38048
38150
38284
38331
38555
38736
38871
39045
39360
39405
39416
39465
39539
39737
39871
40000
40045
40093
40150
40164
40173
40305
40331
40340
40506
40580
40623
40634
40745
40915
41051
41064
41110
41197
41315
41342
41442
41637
41884
42003
42213
42292
42923
43104
43161
43231
43235
43405
43527
43686
43780
43806
43845
43875
43934
43952
44168
44302
44371
44414
44427
44511
44610
44669
44684
44691
44692
44707
44820
44987
45182
45248
45282
45374
45539
45565
45589
45648
45873
45875
46105
46241
46267
46337
46486
46632
46689
46698
46735
46893
46936
46982
47095
47248
47295
47310
47523
47527
47839
48023
48282
48361
48475
48541
48571
48681
48950
48974
49028
49057
49369
49395
49443
49606
49634
49728
49740
49799
49828
49894
