270
283
331
513
528
548
558
590
592
671
685
756
1495
1501
1507
1593
1618
1634
1635
1684
1773
2023
2087
2112
2205
2320
2333
2371
2453
2661
2679
2683
2768
3178
3378
3399
3560
3578
3586
3683
3713
4200
4453
4507
4518
4521
4526
4539
4579
4625
4702
4705
4718
4828
4830
4835
4852
4879
4990
5006
5131
5418
5457
5512
5545
5571
5693
5703
5753
5941
5989
6066
6308
6441
6496
6664
6668
6716
6723
6797
6981
6986
6992
7067
7094
7269
7316
7340
7414
7578
7838
7855
7933
7958
8130
8270
8299
8309
8366
8401
8733
8753
8768
8771
8773
9003
9237
9545
9596
9651
9685
9720
9915
9924
9990
10102
10117
10165
10193
10436
10610
10698
11032
11076
11111
11133
11215
11219
11243
11253
11474
11497
11662
11701
11996
12021
12361
12427
12430
12757
12970
13012
13068
13112
13139
13188
13333
13432
13717
13829
13992
14008
14135
14322
14490
14491
14528
14698
14716
14755
14879
14888
15145
15171
15353
15541
15583
15678
15920
16022
16089
16219
16323
16335
16422
16457
16512
16557
16597
16729
17019
17025
17215
17260
17529
17666
17734
17736
17806
17861
17939
17973
17994
18039
18100
18495
18595
18643
18747
18952
18962
19134
19198
19468
19555
19777
19822
19851
19955
19979
20026
20064
20086
20101
20209
20296
20399
20405
20438
20618
20748
20996
21228
21284
21338
21398
21441
21462
21487
21672
21683
21806
21822
21920
21955
22219
22360
22429
22472
22510
22770
22909
22974
23047
23082
23240
23264
23343
23525
23712
23739
23751
23915
24012
24125
24180
24184
24254
24287
24370
24623
24636
24845
24962
24969
25197
25429
25710
25723
25804
25893
26024
26140
26158
26234
26372
26481
26603
26755
26794
27108
27302
27428
27433
27491
27522
27958
27985
28228
28370
28484
28616
28635
29003
29054
29120
29315
29542
29645
29805
29882
29914
29989
30031
30107
30187
30242
30349
30384
30481
30600
30607
30684
30820
30979
31005
31250
31291
31414
31479
31623
31720
31810
31881
31946
32043
32046
32076
32133
32201
32221
32301
32304
32388
32456
32464
32550
32667
32832
33137
33148
33253
33426
33657
33753
33874
34294
34297
34429
34473
34568
34659
34683
34969
35347
35761
35845
35877
36057
36234
36256
36321
36405
36415
36478
36651
36770
36771
37073
37202
37407
37485
37504
37512
37534
37550
37691
37902
38139
38333
38372
38390
38456
38534
38623
38626
38648
38693
38758
38762
38939
39466
39534
39551
39552
39722
40061
40068
40116
40142
40553
40848
40869
40950
40987
40996
41007
41230
41313
41396
41412
41573
41608
41691
41799
41810
41811
41906
41912
41952
42029
42194
42313
42621
42738
42946
43067
43255
43288
43314
43367
43622
43707
43752
43877
44222
44495
44632
44647
44770
44930
45056
45127
45158
45213
45281
45413
45428
45530
45830
45831
46070
46114
46196
46246
46323
46465
46528
46558
46645
46655
46691
46797
47024
47105
47215
47383
47398
47420
47470
47604
47615
47754
47859
47871
47902
47929
48001
48099
48210
48371
48401
48568
48649
48650
48653
48654
48712
48777
48847
49034
49036
49263
49561
49652
49750
49836
49883
49911
49914
