179
294
345
371
588
696
753
811
862
1016
1040
1084
1162
1230
1275
1365
1370
1384
1418
1728
1777
1805
1877
2189
2269
2483
2509
3064
3278
3287
3381
3605
3622
3689
3811
3841
4115
4133
4187
4423
4424
4525
4611
5111
5343
5367
5371
5408
5550
5562
5609
5796
5937
5983
6003
6031
6076
6189
6217
6289
6702
6784
6833
6835
6918
7074
7325
7350
7601
7604
7669
7825
7988
7992
8024
8232
8325
8400
8421
8425
8682
8695
8749
8816
8832
8839
8889
8938
9017
9076
9136
9203
9466
9574
10034
10279
10307
10558
10784
10797
10809
10907
10998
11012
11022
11224
11244
11378
11403
11450
11482
11572
11573
11590
11612
11613
11783
11860
11891
11957
11959
12005
12123
12178
12333
12497
12551
12676
12787
12799
13033
13087
13285
13408
13517
13818
13991
14134
14136
14194
14320
14371
14411
14538
14684
14878
14933
15081
15144
15159
15663
15685
15934
16043
16370
16677
16829
16869
16898
16943
17074
17175
17176
17334
17359
17548
17653
17752
17890
17965
18010
18082
18392
18434
18549
18568
18638
18688
18814
18873
18956
18965
18980
19093
19108
19160
19177
19275
19663
19739
20119
20126
20192
20193
20317
20567
20605
20958
21150
21355
21364
21432
21464
21580
21658
21748
21827
22029
22039
22290
22342
22493
22553
22658
22943
23014
23072
23154
23271
23297
23322
23444
23626
23655
23748
23918
23920
24113
24144
24250
24292
24312
24355
24388
24436
24447
24451
24860
24896
25148
25392
25459
25498
25527
25743
25921
26080
26138
26192
26477
26527
26578
26704
26720
26837
26922
26974
27029
27145
27430
27528
27596
27597
27781
27811
27942
28089
28134
28276
28318
28332
28395
28536
28645
28653
28676
28780
28961
28998
29075
29123
29254
29310
29316
29337
29378
29569
29820
29854
29908
29977
29982
30051
30070
30222
30374
30392
30416
30424
30649
30778
30781
30954
30986
30987
31104
31165
31179
31193
31537
31540
31901
32030
32060
32119
32131
32132
32184
32254
32406
32528
32556
32598
32743
32783
33072
33142
33410
33452
33517
33524
33652
33816
33947
33995
34027
34032
34040
34054
34370
34410
34440
34457
34510
34973
35089
35168
35181
35276
35420
35476
35516
35827
35842
35972
36175
36264
36285
36299
36360
36386
36392
36410
36469
36590
36615
36717
36964
37103
37291
37292
37306
37398
37904
37906
38015
38044
38087
38207
38221
38396
38424
38619
38635
38675
38916
38958
38979
39319
39469
39518
39575
39692
39710
39732
39882
39977
39981
40165
40221
40814
40877
40992
41125
41138
41148
41260
41361
41432
41561
41716
41827
41832
41910
41980
42089
42143
42152
42231
42328
42376
42440
42462
42635
42691
42797
42798
42942
43012
43043
43048
43070
43155
43259
43279
43389
43424
43466
43467
43517
43739
43787
43916
43929
44036
44212
44602
44851
44876
45174
45340
45549
45609
45655
45806
45883
45989
46094
46205
46397
46456
46529
46611
46690
46788
46907
46930
46940
47025
47276
47402
47504
47605
47691
47796
47972
48056
48315
48415
48423
48513
48529
48710
48740
48787
48914
48968
49004
49044
49078
49138
49188
49215
49331
49421
49556
49639
49696
49977
49981
