124
337
410
483
531
910
969
981
1119
1215
1232
1638
1713
1766
1789
2393
2405
2659
2680
2774
2907
3161
3262
3336
3372
3474
3478
3494
3598
3639
3903
3913
3972
3992
4056
4068
4596
4614
4664
4694
4881
4943
5092
5155
5165
5339
5593
5686
5821
5859
6016
6288
6323
6567
6753
6909
7048
7102
7139
7163
7180
7300
7439
7454
7594
7691
7760
7919
8161
8284
8287
8310
8362
8472
8729
8731
8900
9201
9262
9375
9392
9698
9747
9786
9900
9932
9960
10008
10024
10043
10184
10286
10349
10405
10414
10459
10503
10507
10538
10554
10559
10636
10708
10820
10964
11250
11288
11344
11390
11543
11631
11707
11746
11826
11856
11923
11930
11935
12083
12173
12236
12424
12482
12584
12613
12967
13179
13231
13746
13767
13976
13989
14123
14205
14229
14367
14433
14483
14725
14905
15437
15656
15909
15986
15994
16158
16340
16516
16583
16598
16736
16754
16957
17041
17167
17206
17239
17295
17385
17402
17428
17445
17505
17553
17700
18005
18125
18258
18281
18283
18424
18428
18469
18631
18661
18961
19123
19382
19505
19558
19572
19590
19601
19753
19773
19775
19908
19913
20114
20138
20173
20222
20254
20315
20369
20593
21093
21128
21316
21470
21473
21568
21681
21957
22270
22505
22568
22818
22995
23051
23206
23220
23352
23488
23532
23606
23640
23703
23704
23786
23845
23994
23995
23996
24034
24266
24299
24340
24375
24516
24776
24904
25092
25097
25128
25151
25195
25268
25403
25453
25616
25650
25659
25711
25748
25796
25840
26046
26068
26177
26229
26396
26408
26433
26496
26564
26724
26774
26828
26847
27087
27258
27300
27361
27419
27437
27540
27666
27716
27763
27934
27980
28078
28238
28317
28329
28390
28487
28490
28784
28919
29013
29042
29062
29074
29298
29440
29577
29762
30074
30113
30280
30300
30366
30396
30430
30562
30573
30652
30843
30961
31131
31211
31216
31222
31263
31272
31333
31353
31379
31408
31529
31608
31663
31666
31667
31676
31713
31872
32080
32105
32238
32367
32396
32448
32499
32562
32671
32702
32738
33120
33164
33190
33291
33302
33422
33576
33598
33890
34045
34079
34119
34133
34355
34430
34538
34971
34980
35342
35402
35482
35655
36198
36207
36401
36411
36561
36937
36952
36967
37066
37230
37231
37233
37305
37571
37604
37644
37728
37737
37744
37945
37952
37988
38018
38159
38334
38485
38529
38821
38955
39081
39306
39333
39431
39507
39605
39639
39735
39745
39881
39883
39998
40194
40500
40569
40591
40676
40743
40828
41108
41280
41348
41416
41471
41501
41745
41775
41781
41869
41935
41958
42133
42150
42247
42342
42390
42610
42908
43051
43171
43306
43636
43669
43741
43753
43903
43915
44050
44099
44286
44312
44345
44382
44387
44389
44486
44516
44825
44913
44936
45177
45452
45528
45548
45689
45709
45844
45933
46005
46045
46126
46127
46200
46342
46656
46863
46956
46968
46983
47007
47060
47139
47162
47259
47318
47678
47743
47854
47879
47935
48057
48145
48207
48392
48434
48442
48573
48664
48675
48705
48758
48766
48977
49131
49341
49353
49375
49459
49537
49540
49656
49713
49717
49743
49774
49833
49844
49867
49917
