23
52
132
139
332
341
374
405
478
600
853
912
1137
1190
1200
1688
1721
1748
1849
1884
2008
2032
2150
2334
2416
2489
2592
2615
2660
2915
2967
2983
2996
3115
3238
3284
3315
3538
3623
3658
3771
3850
3894
4294
4393
4413
4601
4615
4638
4751
4806
4860
4894
4992
5096
5324
5692
5764
5793
5890
5938
5982
6034
6107
6139
6231
6264
6448
6477
6738
6944
6950
6980
6987
7011
7013
7130
7387
7609
7626
7750
7811
7965
8084
8145
8197
8328
8364
8386
8505
8689
8765
8919
8956
9070
9320
9359
9369
9438
9484
9517
9522
9546
9610
9737
9831
9880
9967
10086
10122
10328
10587
10595
10603
10655
10687
10902
10938
11043
11150
11261
11317
11460
11642
11889
11914
11915
11967
11971
12115
12141
12300
12303
12569
12710
12795
12818
13051
13198
13217
13312
13394
13405
13593
13601
13669
13696
13727
14225
14462
14683
14738
14742
14749
15006
15028
15064
15110
15500
15604
15686
15882
15983
16013
16064
16142
16205
16243
16255
16351
16465
16495
16515
16714
16920
16984
17067
17079
17174
17183
17270
17276
17375
17410
17417
17459
17477
17616
17701
17801
17863
17885
18004
18044
18088
18110
18169
18171
18266
18305
18507
18559
18755
19007
19028
19086
19349
19512
19524
19583
19726
19881
19924
20034
20063
20201
20447
20595
20762
21052
21138
21275
21422
21454
21472
21548
21622
21653
21734
21738
21820
22024
22065
22140
22142
22484
22601
22763
22926
23482
23546
23597
23653
23710
23777
23841
24192
24513
24564
24617
24711
24735
24764
24774
24810
24819
24849
24931
24958
25161
25288
25628
25636
25637
25960
26053
26160
26251
26324
26426
26542
26626
26709
26715
26722
26963
26966
26985
27124
27265
27387
27426
27429
27451
27550
27558
27684
27688
27745
28023
28070
28153
28198
28408
28798
29026
29037
29241
29371
29466
29517
29537
29710
29782
29837
29852
29915
29939
29947
30032
30346
30373
30447
30636
30710
30727
30775
30799
30935
30937
31090
31277
31596
31604
31745
32084
32089
32174
32190
32306
32398
32416
32421
33027
33070
33373
33451
33460
33595
33766
33823
33885
34055
34075
34193
34201
34255
34489
34571
34713
34755
34884
34893
34968
35052
35112
35251
35271
35356
35542
35562
35741
35742
36072
36080
36133
36251
36274
36278
36338
36368
36434
36607
36622
36639
36644
37152
37272
37356
37369
37625
37731
37769
37770
38008
38014
38031
38093
38321
38474
38546
38604
38782
38881
38995
39387
39406
39479
39516
39589
39602
39681
39715
39767
39902
40245
40341
40355
40402
40457
40802
41045
41508
41701
41710
41797
42033
42212
42226
42379
42427
42587
42821
42851
42930
43056
43071
43074
43217
43394
43403
43435
43480
43497
43554
43597
43617
43652
43898
43970
44053
44157
44317
44339
44527
44572
44588
44712
44760
44805
44807
44926
44999
45209
45362
45397
45558
45784
45803
45804
45907
46139
46204
46361
46448
46479
46795
46852
47080
47130
47245
47335
47397
47403
47520
47535
47580
47653
47732
47752
47825
47848
47864
48111
48247
48369
48420
48717
48744
48918
48963
49062
49308
49355
49361
49362
49505
49571
49669
49988
