32
56
59
557
1006
1121
1196
1519
1620
1628
1665
1670
1683
1703
1737
1765
1786
1864
1980
2042
2090
2118
2278
2344
2400
2470
2667
2800
2831
2836
3048
3189
3281
3327
3659
3797
3881
4240
4295
4497
4645
5020
5134
5269
5276
5283
5345
5363
5369
5598
5637
5860
5901
5911
6073
6143
6169
6318
6429
6460
6472
6515
6659
6681
6704
6773
6852
7059
7121
7166
7303
7333
7361
7519
7603
7607
7830
8037
8047
8185
8193
8230
8653
8844
8862
8878
8896
9151
9227
9291
9384
9511
9529
9555
9560
9644
9704
9769
9817
9876
10052
10124
10197
10245
10323
10428
10799
10831
10841
10889
10894
10898
10905
11116
11141
11263
11392
11485
11624
11823
11827
11960
12159
12243
12721
12758
12824
12913
13291
13301
13320
13431
13451
13475
13647
13857
13907
13972
14026
14038
14039
14043
14110
14166
14296
14505
14666
14722
14885
14964
15074
15326
15530
15634
15719
15845
15875
16027
16045
16066
16217
16253
16286
16329
16605
16654
16867
16873
16937
17000
17064
17087
17131
17291
17416
17534
17620
17880
17883
17926
17953
17966
18068
18141
18313
18335
18407
18480
18652
18803
18966
19157
19202
19483
19613
19646
19664
19824
19882
19906
19927
19937
20042
20152
20277
20287
20426
20697
20873
20906
21027
21096
21131
21281
21317
21601
21654
21846
21865
21998
22067
22180
22234
22286
22289
22495
22528
22837
22894
22915
22954
23074
23229
23245
23326
23407
23463
23502
23577
23589
23629
23810
23919
24080
24179
24190
24238
24280
24315
24422
24424
24646
24663
24953
24993
25024
25262
25313
25361
25380
25421
25483
25551
25576
25597
25611
25919
26203
26301
26305
26312
26342
26437
26469
26494
26528
26541
26618
26632
26642
27083
27133
27543
27598
27674
27741
27922
28027
28046
28065
28346
28400
28481
28601
28609
28634
28836
28902
28943
28964
29023
29029
29035
29308
29535
29657
29713
29891
30233
30493
30680
30852
30916
31025
31137
31553
31892
31957
32268
32293
32426
32645
32807
32828
32853
32873
33001
33014
33168
33273
33359
33474
33733
33768
33926
34044
34063
34108
34126
34198
34438
34456
34532
34621
34809
35151
35439
35554
35751
35823
35834
36013
36111
36131
36178
36181
36230
36244
36423
36619
36657
36730
36731
36759
36842
36872
36927
36974
36991
37284
37848
37871
37911
37972
38086
38137
38194
38231
38323
38500
38536
38867
38946
39354
39536
39661
39797
39864
40012
40197
40205
40579
40637
40647
40763
40884
41055
41073
41102
41117
41171
41204
41300
41346
41456
41521
42002
42078
42408
42412
42525
42557
42584
42591
42713
42765
42902
42985
43061
43090
43207
43224
43237
43269
43381
43446
43489
43570
43722
43756
43979
44062
44092
44214
44246
44251
44256
44341
44643
44759
44779
44843
45028
45130
45364
45365
45403
45566
45703
45705
45759
45783
45800
45924
45938
45979
46060
46063
46217
46257
46336
46425
47236
47283
47305
47354
47460
47491
47598
47667
47672
47707
47802
47931
47992
48022
48080
48084
48131
48147
48254
48326
48495
48623
48716
48800
48833
48943
48953
49031
49096
49150
49392
49526
49531
49569
49650
49764
49852
49886
