72
91
368
376
726
852
876
927
1116
1150
1172
1199
1254
1271
1399
1401
1419
1543
1560
1586
1595
1676
1727
2398
2502
2556
2724
3006
3166
3174
3192
3244
3312
3374
3513
3647
3662
3763
3883
4023
4302
4488
4630
4670
4686
4858
4953
5318
5431
5478
5495
5496
5528
5681
5695
5800
5991
6010
6024
6205
6355
6381
6498
6549
6579
6908
7123
7126
7144
7240
7371
7479
7532
7622
8199
8349
8398
8549
8562
8648
8757
8990
8991
9033
9213
9543
9598
9759
9783
9840
9859
10051
10089
10172
10697
10807
10874
10884
10906
10932
11007
11275
11294
11618
11715
11729
11772
11820
11849
11881
11997
12080
12151
12196
12326
12348
12438
12490
12509
12632
12684
12704
12800
12812
12876
12944
13036
13521
13537
13553
13565
13595
13598
13902
14021
14064
14075
14180
14190
14247
14348
14409
14571
14672
14751
14814
14894
14900
15039
15090
15109
15239
15355
15410
15876
15890
15893
16034
16100
16170
16222
16240
16342
16716
16722
16817
16861
16865
16938
17164
17191
17213
17237
17297
17886
17904
17928
17935
18128
18148
18413
18649
18681
18734
18780
18789
18940
19038
19227
19283
19306
19535
19556
19585
19588
19604
19608
19945
20060
20178
20214
20368
20467
20581
20623
20683
20695
20988
21050
21055
21203
21220
21376
21501
21592
21856
21878
21879
21915
22168
22223
22363
22396
22399
22425
22503
22550
22858
22932
23048
23092
23212
23311
23389
23529
23531
23543
23571
23590
23770
23790
23801
23851
23871
23988
24072
24115
24274
24277
24289
24347
24403
24674
25043
25303
25344
25368
25466
25799
25964
26105
26223
26245
26539
26540
26631
26703
26863
27215
27287
27538
27571
27999
28315
28385
28397
28416
28422
28496
28619
28738
28900
28932
28957
28982
29027
29078
29354
29394
29424
29438
29614
29640
29754
29897
29899
29903
29944
30045
30143
30199
30236
30386
30439
30543
30625
30900
31091
31121
31187
31217
31377
31418
31677
31861
31951
32002
32052
32068
32138
32300
32323
32488
32521
32594
32711
32785
33158
33400
33420
33511
33572
33611
33806
33939
33970
34037
34083
34086
34376
34464
34535
34579
34667
34688
34813
34879
34922
35015
35064
35088
35096
35287
35355
35373
35820
35900
35927
35943
35993
36038
36105
36140
36273
36331
36451
36772
36797
36811
36867
37178
37351
37399
37496
37524
37588
37705
37806
37841
37968
38526
38652
38688
38801
38852
39060
39189
39232
39236
39372
39747
39799
39930
40183
40276
40288
40321
40861
40863
40993
41047
41072
41203
41868
41967
42017
42487
42580
42592
42846
42911
42921
42938
43108
43223
43240
43342
43525
43561
43591
43608
43709
43761
43812
43920
43953
44010
44018
44028
44140
44295
44303
44322
44334
44504
44628
44765
44849
45014
45080
45104
45160
45279
45305
45443
45569
45908
46038
46254
46317
46378
46404
46439
46492
46564
46668
47006
47018
47191
47242
47282
47312
47364
47422
47439
47465
47495
47573
47643
47711
47730
47746
47763
47767
47771
47815
47843
47853
47865
47946
47948
48017
48018
48069
48110
48167
48736
48770
48997
49051
49157
49241
49337
49372
49404
49420
49461
49698
49706
49784
