94
151
261
400
545
547
564
801
894
934
1046
1246
1304
1391
1498
1568
1714
1838
2025
2027
2028
2681
2731
2736
2899
2922
3190
3191
3321
3547
3617
3673
4145
4156
4166
4219
4281
4311
4460
4466
4485
4613
4692
4728
4736
4938
5054
5230
5280
5557
5579
5606
5648
5657
5708
5739
5756
5788
6109
6147
6236
6250
6272
6485
6501
6505
6646
6813
6860
6880
7020
7046
7047
7087
7151
7217
7220
7551
7793
8055
8071
8148
8166
8297
8358
8536
8550
8658
8739
8766
8874
8935
8970
9019
9247
9249
9398
9399
9403
9422
9428
9851
9868
9978
9987
10067
10081
10195
10223
10267
10624
10805
10854
10916
10941
11069
11321
11454
11471
11673
12337
12433
12502
12520
12686
13049
13170
13239
13513
13514
13525
13640
13643
13780
13798
13801
13842
14016
14203
14251
14489
14502
14626
14643
14707
14767
14805
14821
14838
15016
15125
15216
15248
15287
15300
15488
15534
15675
15696
15750
15787
15850
16040
16062
16122
16180
16200
16279
16337
16364
16555
16623
16769
16793
16946
17085
17150
17158
17231
17482
17656
17792
17811
18052
18053
18230
18309
18405
18410
18515
18560
18669
18766
18784
18987
19111
19214
19353
19544
19756
19758
19816
19820
20104
20164
20410
20478
20790
21075
21287
21403
21413
21794
21979
22097
22104
22108
22152
22169
22551
22610
22757
22789
22863
22952
22979
23030
23101
23225
23702
23740
23800
23833
23873
24033
24463
24490
24552
24573
24586
24608
24827
24848
24878
24974
25008
25200
25232
25442
25472
25587
25617
25678
25680
25703
25851
25910
25996
26129
26438
26551
26558
26713
26796
27009
27030
27078
27284
27475
27500
27512
27544
27561
27668
27842
28003
28037
28170
28330
28373
28647
28993
29012
29079
29161
29176
29194
29358
29397
29648
29681
29776
29815
29887
29929
30156
30193
30239
30275
30394
30413
30429
30431
30445
30463
30483
30702
30877
30975
31028
31116
31227
31375
31424
31583
31585
31590
31610
31795
31984
32001
32186
32478
32678
32689
32805
32897
33093
33121
33380
33453
33476
33499
33731
33847
33883
34010
34057
34142
34558
34580
34789
34804
34894
34988
35063
35178
35440
35680
35851
36117
36149
36160
36315
36509
36518
36539
36621
36757
36880
36988
37094
37212
37254
37336
37579
37620
37649
37729
37884
37946
37953
38023
38072
38297
38347
38447
38654
38669
38726
38772
38855
38920
38952
39105
39209
39304
39309
39334
39746
39789
39809
40371
40535
40704
40988
41176
41257
41274
41408
41661
41731
41768
41872
41953
42176
42270
42289
42426
42486
42567
42659
42728
42741
42761
42776
42800
42809
42988
42997
43178
43364
43375
43465
43493
43508
43695
43747
43782
44045
44128
44205
44254
44306
44400
44573
44719
44800
44975
45082
45114
45225
45444
45532
45700
45775
45887
45990
46025
46072
46078
46111
46247
46276
46284
46326
46387
46459
46503
46579
46664
46834
46855
46876
46933
47375
47381
47388
47448
47488
47526
47545
47606
47663
47952
48204
48274
48489
48603
48605
48694
48699
48708
48719
48729
48839
48852
49018
49037
49059
49109
49154
49256
49265
49303
49406
49508
49517
49681
49683
