143
147
205
296
435
537
790
797
816
826
890
972
1008
1044
1049
1169
1181
1182
1218
1339
1923
1924
2038
2089
2157
2228
2313
2462
2632
2716
2718
2728
2735
2745
2772
2795
2887
2900
3027
3065
3076
3091
3216
3251
3339
3508
3567
3730
3735
3911
3960
4005
4066
4073
4112
4373
4432
4543
4683
4735
4745
4769
4906
4951
4963
5076
5079
5093
5167
5236
5249
5325
5503
5685
5994
6009
6018
6029
6099
6267
6362
6562
6604
6697
6787
6888
6953
6989
7043
7131
7238
7435
7445
7592
7679
7735
7776
7968
8003
8318
8330
8367
8443
8514
8569
8582
8625
8717
8828
8887
8909
9091
9240
9276
9385
9407
9447
9490
9523
9602
9626
9819
9953
10107
10258
10339
10350
10389
10447
10625
10791
10833
10979
11024
11064
11200
11237
11372
11426
11448
11576
11645
11994
12101
12138
12209
12221
12255
12271
12717
12815
12934
13230
13280
13369
13390
13430
13633
14002
14083
14098
14105
14127
14212
14475
14497
14819
15062
15170
15178
15217
15298
15682
15796
15824
15828
15860
15966
15978
16004
16026
16172
16188
16317
16387
16442
16489
16538
16661
16862
16980
16985
17057
17092
17128
17144
17225
17393
17766
17865
18018
18051
18101
18190
18241
18299
18476
18598
18823
19062
19096
19327
19379
19392
19781
19791
19815
19903
19904
19974
20092
20135
20417
20435
20760
20772
20780
20802
20811
20932
20973
21062
21080
21204
21216
21242
21446
21477
21524
21607
21787
21887
21970
22056
22064
22224
22406
22518
22552
23052
23200
23379
23409
23674
23847
24060
24112
24172
24316
24383
24514
24543
24622
24763
25107
25158
25606
25755
25782
25916
26075
26222
26448
26508
26659
26840
26897
27111
27268
27386
27506
27631
27861
27977
28025
28129
28274
28344
28441
28602
28707
28732
28821
28941
28946
28988
29005
29157
29409
29547
29561
29735
29740
29779
29802
29967
30011
30039
30291
30385
30401
30462
30491
30556
30576
30735
30795
30809
30844
30938
31098
31099
31172
31174
31246
31570
31587
31700
31705
31824
31986
32019
32195
32414
32442
32469
32859
32870
32950
33146
33159
33179
33246
33462
33464
33468
33553
33580
33750
33774
33797
34112
34144
34416
34442
34479
34607
34632
34728
34902
34981
35077
35155
35288
35302
35322
35591
35602
35809
35884
35945
36006
36097
36112
36332
36402
36633
36922
37307
37345
37373
37482
37516
37818
37925
37947
37951
37981
38067
38068
38421
38473
38634
38830
38967
39180
39207
39337
39357
39807
39817
39850
40112
40114
40153
40190
40347
40370
40404
40687
41040
41269
41334
41375
41414
41418
41482
41527
41673
41790
41813
41902
41920
42131
42316
42504
42548
42576
42836
42838
42918
42935
43041
43113
43262
43265
43413
43779
44052
44066
44123
44331
44395
44657
44665
44922
45041
45063
45083
45153
45400
45401
45418
45586
45675
45755
45813
45841
45854
45912
45931
45935
46023
46178
46232
46240
46270
46509
46660
46762
46842
46909
47183
47321
47486
47561
47599
47674
47713
47740
47976
47994
48020
48094
48246
48398
48411
48412
48460
48607
48785
49011
49065
49120
49121
49207
49389
49529
49747
49781
