27
140
258
602
847
1032
1128
1226
1281
1288
1431
1567
1602
1654
1668
1726
1739
1750
1807
1901
1949
1966
2057
2308
2402
2452
2686
2978
3113
3163
3196
3204
3282
3453
3770
3856
3909
4012
4077
4088
4103
4421
4529
4661
4700
4723
4796
4927
4971
5030
5210
5427
5439
5639
5704
5871
6122
6183
6301
6317
6346
6889
6939
6943
7172
7527
7598
7757
7803
7842
7876
7900
7905
8018
8102
8302
8332
8759
8927
8993
9343
9344
9349
9402
9425
9449
9647
9907
9970
9971
9973
10025
10033
10152
10166
10186
10290
10450
10474
10489
10561
10612
10628
10975
11095
11144
11295
11413
11503
11611
11615
11922
12092
12273
12441
12501
12535
12729
12733
12771
12789
12805
13057
13141
13180
13186
13268
13384
13523
13540
13662
13699
13708
13764
13848
14030
14103
14145
14293
14295
14347
14389
14629
14705
14753
14925
15009
15135
15350
15369
15520
15698
15762
15872
15996
16095
16570
16658
16830
16983
16991
17012
17078
17264
17282
17290
17330
17591
17781
17788
17842
17853
17855
17976
18065
18132
18165
18231
18287
18606
18674
18680
18703
18729
18909
19090
19100
19190
19251
19298
19332
19398
19687
19737
19821
20324
20675
20678
20862
20869
21084
21098
21327
21346
21750
21872
21968
22109
22253
22361
22530
22704
22728
22758
22997
23106
23180
23231
23261
23679
23896
23932
23954
24183
24368
24413
24462
24473
24591
24771
25113
25264
25330
25439
25536
25578
25598
25762
25873
25897
25907
25923
25955
25972
25978
26016
26067
26359
26500
26699
26762
26892
26929
26956
26984
27073
27217
27295
27515
27904
27962
27974
27979
28005
28045
28108
28181
28266
28402
28586
28633
28684
28714
28773
28802
28845
28904
29046
29086
29106
29207
29331
29465
29729
29785
29878
29978
30422
30574
30612
30700
31133
31232
31237
31394
31425
31464
31613
31698
31796
31844
32009
32120
32125
32187
32205
32213
32420
32484
32494
32577
32591
32815
32989
33150
33200
33558
33921
33924
34015
34090
34338
34392
34461
34574
34772
34810
34932
34941
35172
35232
35263
35454
35483
35522
35712
35815
35825
35870
35901
35907
35930
35974
36292
36466
36475
36526
36599
36668
36704
36835
36868
37013
37091
37172
37179
37200
37354
37615
37745
37784
37928
38152
38242
38370
38464
38504
38624
38701
38783
38872
38883
38999
39056
39113
39218
39235
39335
39369
39443
39618
39762
39994
40056
40199
40246
40326
40342
40364
40646
40689
40690
40705
40765
40832
40872
40941
41003
41035
41066
41089
41159
41163
41218
41345
41513
41642
41662
41757
41763
41857
42146
42276
42323
42513
42526
42571
42586
42606
42670
42825
42862
43008
43144
43173
43514
43730
44001
44141
44164
44170
44173
44228
44442
44579
44614
44617
44637
44732
44750
44864
44879
44917
44950
45091
45106
45117
45152
45185
45190
45224
45308
45386
45409
45424
45647
45733
45789
46222
46325
46498
46506
46546
46888
46942
46984
47023
47032
47087
47112
47142
47188
47204
47257
47338
47449
47457
47642
47647
47652
47781
47790
47793
47824
48019
48088
48284
48718
48739
48936
48976
49093
49283
49288
49524
49620
49737
49841
49874
49964
