87
216
375
457
539
622
634
655
991
992
1142
1164
1343
1385
1493
1692
1736
1867
1996
2111
2276
2520
2656
2665
2961
2962
2988
3050
3099
3167
3299
3301
3358
3385
3424
3525
3944
4190
4230
4261
4282
4343
4462
4490
4491
4844
4935
5098
5171
5255
5305
5489
5498
5636
5697
5699
5865
5875
5956
5968
6053
6126
6332
6356
6397
6500
6656
6671
6676
6721
6877
7107
7391
7398
7453
7503
7637
7832
7833
7907
7917
7925
7987
8043
8260
8275
8342
8461
8467
8474
8632
8840
8947
9041
9067
9083
9086
9098
9268
9287
9464
9480
9721
9771
9809
9921
10001
10060
10108
10140
10347
10396
10527
10722
10835
10849
10977
10990
11053
11433
11490
11509
11604
11647
11748
11750
12014
12079
12185
12250
12362
12391
12576
12587
12598
12986
13069
13227
13263
13479
13487
13547
13791
14090
14273
14316
14464
14526
14580
14631
14761
15086
15209
15388
15412
15915
15955
16310
16482
16806
16856
16871
16925
16997
17014
17030
17032
17033
17139
17188
17382
17449
17644
17674
17796
17804
18000
18002
18288
18359
18484
18490
18705
18773
18851
18891
18900
18936
19119
19254
19378
19389
19472
19582
19615
19697
19698
19744
19832
19918
19948
20072
20107
20160
20175
20227
20236
20329
20450
20773
20851
20887
20893
20968
20971
21071
21383
21384
21416
21434
21635
21701
21737
21842
21876
21941
22131
22221
22280
22358
22373
22459
22465
22667
22722
22756
22857
22896
23121
23214
23288
24028
24039
24049
24059
24330
24581
24683
24749
25022
25146
25190
25206
25266
25295
25358
25437
25694
25698
25728
25729
25765
26020
26181
26345
26831
26864
26866
26912
27210
27336
27415
27460
27473
27593
27651
27792
27822
27823
27851
27937
27982
28085
28114
28207
28232
28455
28493
28579
28611
28654
28704
28847
29009
29092
29253
29258
29396
29401
29624
29744
30137
30144
30181
30310
30357
30387
30406
30560
30597
30628
30679
30701
30801
30873
30968
31144
31160
31472
31634
31643
31739
31791
31850
31949
31958
32057
32165
32171
32540
32590
32599
32690
32721
32736
32844
32869
32919
32959
33032
33230
33282
33365
33513
33852
33930
33940
33941
33961
33975
34168
34192
34289
34307
34384
34385
34828
34953
35045
35321
35366
35588
35603
35652
35658
35729
35864
36027
36422
36441
36443
36550
36889
37035
37083
37092
37176
37355
37371
37572
37587
37689
37897
37943
38179
38351
38383
38440
38618
39078
39079
39252
39419
39567
39854
40013
40102
40162
40336
40483
40491
40552
40664
40737
40741
40762
41091
41282
41350
41369
41373
41572
41579
41679
41740
42115
42214
42256
42293
42346
42687
42729
42871
43276
43358
43510
43600
43607
43623
43694
43718
43743
43834
43871
43956
44083
44086
44132
44184
44241
44308
44440
44586
44622
44682
44688
44877
44881
44979
45071
45204
45228
45253
45391
45455
45519
45568
45837
45918
46046
46115
46213
46282
46407
46416
46433
46502
46784
46811
46866
47165
47167
47185
47190
47203
47389
47623
47835
48050
48349
48360
48366
48410
48564
48578
48580
48789
48931
48962
48985
49148
49187
49284
49289
49509
49562
49645
49769
49771
49888
