18
192
293
340
361
648
684
697
1066
1081
1090
1124
1157
1194
1212
1223
1253
1268
1322
1404
1512
1629
1646
1906
1999
2045
2322
2329
2364
2385
2437
2478
2553
2586
2603
2791
2938
2969
3026
3095
3179
3319
3331
3429
3484
3514
3641
3768
3924
4349
4350
4360
4380
4501
4561
4777
4862
4893
4924
5422
5676
5689
5728
5735
5829
6025
6047
6113
6158
6180
6320
6342
6440
6459
6479
6699
6706
6819
7032
7191
7432
7523
7599
7741
7771
7886
7929
8052
8076
8094
8240
8597
8761
8777
8806
8851
8897
9053
9215
9302
9446
9582
9676
9844
9935
10017
10094
10133
10149
10175
10210
10443
10514
10575
10646
10721
10725
10747
10816
10984
11115
11142
11160
11199
11461
11502
11657
11704
11734
11768
11791
11814
11991
12061
12081
12119
12158
12298
12500
12512
12724
12741
12901
12905
13303
13578
13750
13998
14012
14476
14493
14495
14541
14576
14592
14779
14954
15005
15008
15025
15026
15106
15116
15339
15387
15402
15669
15974
16051
16276
16315
16443
16519
16582
16591
16625
16651
16681
16948
16953
16975
17072
17091
17156
17170
17392
17394
17441
17508
17830
17949
17990
18021
18078
18375
18807
19088
19341
19346
19368
19429
19467
19563
19666
19750
19898
19901
19923
19973
20035
20037
20105
20235
20442
20495
20608
20701
20818
20875
20882
21105
21576
21612
21740
22265
22336
22392
22449
22486
22492
22514
22633
22939
22968
23040
23042
23290
23436
23564
23697
24057
24088
24111
24126
24195
24418
24684
24698
24800
24917
24968
25105
25263
25422
25595
25618
25666
25749
25758
25850
25878
25986
25999
26008
26073
26134
26146
26272
26309
26348
26413
26467
26730
26827
26961
27162
27436
27586
28030
28128
28246
28299
28406
28508
28539
28709
28719
28734
28767
28894
28928
28931
28987
29136
29240
29365
29368
29400
29481
30112
30135
30148
30177
30237
30281
30524
30532
30605
30641
30716
30933
30936
31010
31171
31195
31244
31266
31533
31568
31672
31804
31808
31827
31929
32063
32123
32152
32319
32345
32387
32587
32698
32727
32915
33330
33348
33387
33392
33526
33873
33894
33922
33998
34049
34060
34262
34367
34553
35071
35138
35376
35419
35513
35871
35914
36203
36216
36436
36568
36652
36788
37053
37169
37298
37374
37393
37506
37614
37721
37907
38312
38368
38586
38761
38774
38825
38931
38932
38972
39365
39480
39496
39537
39656
39805
39906
39933
40014
40095
40176
40251
40307
40322
40393
40423
40550
40626
40719
40755
40784
40823
40844
40866
40896
41023
41098
41326
41354
41448
41469
41504
41593
41620
41737
41806
41987
42206
42210
42448
42500
42529
42652
42720
42828
42906
42914
42962
42990
43009
43025
43137
43167
43204
43266
43277
43290
43330
43609
43611
43716
43720
43900
43939
44384
44454
44518
44580
44834
44869
44870
44974
45030
45254
45437
45486
45670
45678
45793
45794
45814
45896
45959
45998
46027
46302
46381
46490
46522
46700
46829
46917
47146
47220
47287
47546
47548
47797
47962
48082
48095
48143
48245
48318
48381
48490
48509
48557
48667
48702
48722
48735
48899
49132
49167
49357
49446
49506
49814
49861
49995
