162
303
381
477
480
518
521
803
887
935
1068
1127
1326
1349
1372
1398
1574
1604
1663
1707
1790
1866
1957
2012
2049
2115
2158
2195
2199
2202
2207
2215
2221
2223
2306
2357
2426
2461
2734
2766
2794
2821
2923
3028
3071
3391
3405
3481
3619
3862
4044
4094
4132
4188
4379
4524
4635
4666
4748
4782
4814
4840
4888
4941
5025
5053
5056
5089
5181
5197
5198
5258
5288
5445
5548
5553
5625
5799
5902
5958
6105
6274
6609
6620
6871
6983
7115
7145
7202
7262
7506
7618
7718
7781
7880
7911
8058
8141
8231
8339
8340
8863
8876
8966
8982
9063
9187
9497
9513
9514
9583
9629
9820
9835
9875
10183
10204
10358
10480
10483
10604
11110
11303
11342
11452
11559
12383
12423
12597
12601
12865
12990
13026
13054
13206
13229
13352
13562
13613
13638
13931
14086
14097
14401
14440
14554
14634
14641
14658
14664
14952
14983
15001
15167
15251
15420
15677
15689
15942
16094
16156
16247
16371
16373
16377
16425
16549
16640
16648
16718
16749
16759
16899
17089
17265
17407
17487
17654
17659
17670
17758
17860
18175
18384
18414
18558
18743
18786
18839
18907
19063
19128
19150
19169
19256
19523
19712
19713
19780
19930
20122
20228
20230
20241
20309
20311
20335
20358
20406
20641
20642
20827
20927
20992
21053
21092
21233
21238
21247
21452
21494
21602
21627
21638
21768
21974
22154
22166
22378
22522
22596
22804
23049
23135
23388
23413
23434
23519
23717
23855
23890
24344
24791
24859
24928
24950
25082
25155
25162
25446
25512
25623
25631
25708
25835
25913
25928
26079
26242
26463
26533
26695
26698
26833
26848
26942
27494
27580
27782
27860
27901
27919
28019
28056
28077
28094
28102
28122
28144
28176
28211
28226
28239
28272
28349
28382
28405
28409
28440
28466
28692
28726
28951
29065
29093
29189
29349
29556
29575
29865
30228
30245
30263
30309
30815
30962
30985
31055
31060
31125
31159
31221
31236
31286
31382
31442
31475
31563
31567
31847
31921
32231
32251
32296
32329
32831
33134
33197
33237
33290
33324
33375
33405
33442
33642
33647
33755
33784
33919
34165
34450
34482
34490
34603
34615
34762
34824
35146
35214
35350
35358
35517
35519
35723
35933
35958
35998
36086
36113
36305
36380
36388
36440
36484
36517
36926
36939
37061
37177
37190
37349
37611
37650
37896
38045
38121
38267
38280
38463
38502
38602
38629
38647
38705
38942
38961
39020
39150
39226
39362
39565
39620
39634
39642
39666
39943
39970
40029
40096
40202
40241
40376
40378
40390
40421
40422
40517
40961
41132
41135
41809
41943
41969
42142
42164
42173
42367
42377
42476
42607
42639
42704
42899
43039
43058
43184
43230
43254
43283
43476
43576
43602
43631
43632
43689
43692
43708
43731
43790
43840
44014
44064
44131
44143
44349
44480
44623
44676
44817
44932
44964
45000
45043
45049
45111
45148
45259
45294
45338
45384
45502
45654
45684
46040
46160
46181
46209
46242
46286
46331
46360
46466
46738
46988
47496
47574
47589
47723
47858
47913
48039
48157
48161
48267
48350
48394
48593
48883
48928
49041
49414
49456
49501
49573
49600
49744
49817
49915
49943
49960
