35
239
424
519
632
747
779
872
945
1442
1851
2053
2135
2148
2212
2251
2503
2584
2752
2793
2850
3004
3110
3293
3352
3444
3447
3530
3849
3941
3943
3975
4147
4228
4522
4647
4688
4807
4824
4915
4916
4961
5088
5102
5250
5293
5402
5449
5641
5725
5766
5794
5828
5885
6019
6027
6090
6300
6369
6376
6526
6544
6669
6674
6762
6771
6881
6968
7057
7341
7499
7610
7678
7696
7705
7761
7784
7888
8016
8088
8117
8126
8140
8341
8389
8402
8411
8429
8436
8603
8638
8656
8706
8920
8942
9038
9104
9171
9204
9221
9305
9322
9640
9681
9828
10003
10240
10251
10291
10422
10476
10512
10652
10656
10662
10817
10826
10936
10976
10992
11002
11203
11299
11429
11443
11635
11693
11850
11972
12306
12317
12429
12627
12648
12670
12675
12726
12872
12994
13084
13150
13209
13434
13447
13573
13615
13630
13781
13935
13977
14023
14460
14507
14594
14862
14867
15017
15182
15318
15329
15667
15680
15692
15708
15761
15804
16072
16135
16272
16283
16458
16472
16552
16612
16753
17083
17243
17251
17253
17313
17326
17464
17542
17596
17599
17611
17623
17646
18163
18174
18366
18614
18636
18718
18821
18894
18902
18905
19004
19020
19131
19344
19401
19434
19462
19617
19765
19813
19884
20024
20137
20180
20184
20372
20525
20770
20915
21171
21200
21219
21333
21481
21510
21557
21578
21712
21749
21790
21913
22036
22156
22222
22367
22566
22605
22774
23275
23414
23443
23454
23664
23745
23776
24042
24064
24147
24165
24176
24204
24262
24311
24352
24415
24448
24590
24750
24970
25178
25186
25300
25304
25379
25457
25693
25990
26070
26352
26429
26441
26461
26474
26532
26555
26696
26767
26778
26835
26982
27012
27093
27497
27728
27820
27847
27911
28109
28244
28257
28665
28968
29021
29131
29153
29172
29247
29366
29380
29641
29930
29950
29969
29999
30254
30371
30411
30469
30472
30505
30764
31053
31161
31223
31292
31324
31325
31477
31571
31742
31767
31853
31857
31931
31976
32047
32169
32180
32199
32217
32438
32505
33335
33527
33574
33620
33680
33853
33877
33886
34082
34154
34617
34634
34723
34817
34825
34873
34912
34997
35069
35194
35226
35236
35250
35337
35616
35638
35674
35685
35703
35732
35824
35840
35892
35926
35935
36069
36093
36122
36204
36224
36310
36314
36367
36375
36397
36489
36675
36684
36844
36897
36901
36954
36977
36979
36981
37219
37250
37382
37478
37554
37754
37807
37858
37861
37915
38016
38022
38054
38235
38393
38451
38469
38509
38901
39070
39093
39111
39147
39395
39621
39731
39852
40026
40034
40092
40151
40206
40292
40349
40431
40822
40909
40966
40972
41014
41161
41185
41413
41570
41765
41791
41981
41988
42014
42062
42396
42668
42949
43014
43175
43346
43471
43562
43564
43566
43809
43824
43849
43947
44298
44433
44472
44520
44529
44557
44704
44714
44721
44918
44959
45265
45478
45561
45671
45699
45986
46230
46426
46552
46649
46754
46817
46821
46837
46915
46997
47110
47145
47193
47317
47463
47785
48107
48379
48485
48592
48676
48724
48737
48778
48818
48870
48995
49069
49084
49180
49320
49498
49533
49821
