86
136
169
233
265
268
280
327
333
334
448
627
712
724
750
800
813
1038
1272
1428
1469
1656
1931
1978
2096
2177
2191
2254
2328
2338
2358
2447
2451
2515
2522
2621
2684
2928
3116
3151
3175
3346
3516
3582
3599
3666
3751
3860
3861
3890
3905
3953
3989
4450
4531
4578
4631
4703
4812
4819
4848
5027
5038
5043
5199
5241
5394
5424
5475
5532
5647
5772
6020
6095
6135
6273
6425
6454
6541
6632
6700
6775
6786
6900
6976
6996
7085
7244
7530
7870
8054
8380
8434
8471
8473
8491
8712
8792
8948
8974
9025
9116
9198
9358
9566
9620
9792
9842
10048
10132
10192
10282
10296
10332
10408
10412
11027
11151
11164
11278
11322
11408
11570
11709
11759
11936
12003
12169
12284
12469
12470
12532
12559
12572
12678
12783
12957
13010
13050
13123
13213
13293
13326
13339
13397
13502
13597
13652
13884
13901
14240
14275
14287
14318
14357
14453
14477
14674
14733
14764
14902
14910
14974
14987
15082
15186
15205
15249
15428
15453
15503
15664
15818
15863
16052
16076
16107
16198
16327
16399
16542
16672
16772
16821
16832
16864
16999
17016
17039
17235
17314
17383
17414
17527
17602
17786
17872
18263
18296
18341
18344
18439
18442
18810
18842
18888
18957
19047
19320
19321
19326
19376
19442
19464
19491
19631
19736
19952
19981
20067
20108
20349
20488
20747
20786
20795
21223
21278
21491
21521
21597
21626
21780
21798
21802
21995
22020
22208
22445
22617
22701
22745
22910
22965
23001
23023
23093
23140
23251
23253
23305
23895
23983
24234
24400
24517
24612
24865
24892
24910
25098
25130
25236
25296
25331
25366
25406
25779
25882
25892
25933
25936
25970
26197
26217
26224
26360
26548
26649
26887
26957
27195
27339
27397
27594
27696
27779
28148
28150
28203
28369
28437
28483
28846
28922
28966
28992
29030
29167
29285
29319
29485
29699
29858
29932
29934
29935
30089
30110
30174
30323
30358
30451
30539
30572
30976
31092
31225
31287
31551
31656
31704
31834
31876
31908
31927
31980
32026
32172
32338
32472
32552
32607
32630
32749
32838
32864
33066
33126
33234
33300
33391
33568
33654
33673
33674
33708
33898
33978
33999
34046
34051
34099
34246
34318
34686
34787
34800
34920
35054
35055
35254
35261
35426
35493
35623
35771
35780
35897
36156
36195
36196
36407
36548
36554
36577
36718
36732
36829
36920
37034
37048
37095
37122
37135
37160
37278
37283
37428
37492
37661
37684
37890
37940
38035
38114
38211
38257
38478
38569
38572
38589
38642
38717
38811
39046
39100
39183
39486
39528
39542
39594
39627
40160
40433
40460
40524
40583
40721
40816
41116
41233
41479
41511
41607
41652
41692
41764
41801
42001
42241
42417
42450
42460
42498
42558
42766
42775
42879
43533
43640
43654
43735
43757
43950
43962
44025
44122
44125
44133
44195
44314
44524
44749
44921
45002
45074
45135
45173
45222
45250
45499
45544
45552
45826
45829
45894
45974
46049
46215
46348
46349
46476
46488
46605
46718
46845
47037
47043
47055
47199
47228
47298
47369
47547
48243
48244
48531
48791
48840
48867
48885
48944
49086
49193
49237
49350
49442
49489
49668
