178
290
309
377
393
420
482
606
805
961
1015
1035
1054
1134
1219
1321
1409
1517
1592
1936
1981
2149
2161
2164
2204
2356
2386
2443
2497
3087
3152
3224
3237
3239
3257
3285
3375
3431
3476
3618
3723
3810
3846
3857
3963
4000
4085
4235
4275
4498
4572
4823
4884
4966
4978
5212
5279
5440
5516
5718
5819
5995
6138
6367
6399
6561
6616
6679
6792
6856
7002
7110
7173
7226
7237
7376
7420
7672
7686
7910
7938
7978
8110
8238
8262
8306
8368
8444
8716
8810
9118
9226
9229
9501
9625
9765
9779
9816
9862
10072
10190
10271
10272
10376
10407
10590
10729
10755
10929
11197
11540
11548
11628
11767
11952
12124
12134
12202
12293
12448
12773
12780
13097
13162
13177
13286
13297
13436
13476
13928
13962
13985
13986
14013
14352
14470
14553
14678
14701
14762
14903
15042
15097
15099
15137
15202
15238
15243
15382
15496
15591
15631
15699
15748
15764
15852
15991
16029
16035
16260
16378
16463
16537
16558
16951
16968
17286
17356
17493
17571
17607
17791
17832
18009
18111
18207
18432
18441
18513
18589
18599
18659
18677
18878
18896
18920
18989
19233
19272
19279
19348
19407
19419
19432
19549
19960
19980
20181
20284
20355
20361
20475
20561
20569
20596
20722
21212
21476
21660
21694
21886
21893
22006
22007
22078
22150
22332
22446
22475
22487
22695
22759
22784
23066
23198
23354
23393
23752
23862
24582
24631
24755
24869
24877
24934
24978
25231
25539
25583
25681
25690
25785
25806
25813
25968
25989
26002
26031
26064
26112
26164
26394
26443
26563
26573
26593
26640
26886
26967
27018
27051
27103
27113
27159
27251
27520
27563
27712
27726
27749
27778
27874
27940
28079
28106
28111
28235
28243
28351
28363
28778
29018
29222
29293
29382
29449
29590
29691
29697
29732
29789
29867
30061
30121
30165
30171
30265
30443
30554
30772
30784
30796
30814
30891
30918
30963
31101
31134
31307
31359
31399
31534
31549
31650
31658
31684
31764
31769
31829
31840
31942
32032
32339
32730
32791
32909
33138
33204
33207
33222
33239
33269
33714
34078
34137
34181
34209
34244
34285
34406
34424
35079
35135
35159
35290
35399
35405
35498
35574
35626
35781
35841
35960
36222
36382
36420
36487
36663
36670
36892
36934
36966
36978
36995
37071
37361
37389
37445
37460
37477
37565
37623
37663
37815
38132
38254
38408
38429
38438
38531
38690
38804
38876
39250
39366
39476
39511
39555
39756
39818
39832
40006
40040
40099
40128
40129
40131
40343
40357
40476
40504
40734
40778
40805
40820
40919
40967
41017
41071
41100
41213
41285
41370
41409
41588
41605
41616
41650
41862
42052
42099
42116
42172
42288
42461
42560
42669
42870
42898
43201
43273
43315
43643
43668
43675
44032
44080
44096
44210
44437
44445
44497
44801
44823
44856
44860
44890
45003
45221
45289
45423
45430
45434
45508
45534
45770
45809
45825
45889
45984
46051
46073
46095
46130
46153
46202
46235
46307
46353
46653
46769
46952
47049
47101
47102
47136
47435
47914
47924
47954
48087
48190
48272
48297
48406
48696
48861
49119
49164
49220
49282
49317
49460
49567
49627
49808
49896
49939
49996
49998
