40
49
165
287
305
446
769
905
1037
1135
1248
1264
1539
1619
1811
1842
1880
2058
2146
2355
2411
2467
2488
2580
2630
2639
2842
2895
2916
3002
3032
3219
3222
3326
3392
3422
3461
3626
3764
3815
3947
3976
3984
4052
4087
4105
4239
4260
4333
4495
4536
4655
4711
4891
5168
5214
5221
5328
5348
5400
5476
5500
5538
5569
5845
5851
5912
5916
6059
6219
6417
6465
6626
6630
6645
6759
6907
6932
7022
7109
7184
7239
7276
7327
7348
7351
7374
7382
7482
7570
7624
7634
7722
7766
7889
7913
8066
8158
8382
8527
8570
8598
8750
8764
8775
8841
9169
9258
9387
9510
9568
9745
9946
9951
9983
10053
10260
10326
10446
10547
10582
10732
10771
10844
10900
10968
11026
11437
11476
11739
11793
11803
11895
11940
12007
12049
12268
12285
12344
12407
12515
12615
12747
12750
12879
13101
13143
13147
13392
13449
13455
13505
13733
13832
13895
13916
13925
14399
14455
14625
14820
14828
14886
14895
15030
15438
15532
15648
15718
15742
15944
16009
16117
16179
16230
16264
16367
16383
16414
16792
16801
16845
16928
16955
17236
17292
17605
17631
17642
17712
17942
17956
17964
17998
18075
18091
18228
18321
18353
18461
18741
18813
19034
19287
19381
19414
19436
19489
19643
19702
19728
19865
19888
19907
19985
19998
20304
20404
20474
20522
20528
20551
21129
21194
21245
21283
21291
21492
21721
21795
21928
21938
22052
22083
22294
22314
22426
22456
22609
22669
22799
23043
23046
23152
23172
23175
23376
23442
23509
23632
23934
23945
24015
24233
24329
24529
24549
24660
24664
24671
24781
24843
24979
25272
25317
25458
25489
25522
25646
25864
25903
26237
26307
26634
26668
26686
26752
26900
27066
27074
27253
27443
27624
27704
27737
27875
27925
28020
28193
28237
28343
28445
28595
28693
28749
28872
28999
29020
29043
29063
29155
29518
29538
29612
29690
29736
29851
30048
30062
30077
30192
30370
30482
30589
30672
30845
30868
30871
31071
31093
31298
31346
31473
31972
32227
32343
32436
32455
32597
32643
32793
32972
32992
33005
33082
33157
33321
33322
33351
33353
33490
33525
33627
33671
33789
33965
34089
34157
34324
34349
34400
34530
34680
34803
34923
35080
35293
35456
35475
35515
35594
35605
35818
35944
35961
36074
36157
36199
36210
36289
36435
36503
36516
36624
36648
36836
36854
36870
37001
37022
37043
37054
37110
37208
37553
37575
37680
37764
37783
37826
37998
38042
38339
38439
38455
38496
38585
38866
38877
38949
39018
39058
39066
39142
39208
39558
39693
39920
40018
40087
40090
40108
40382
40539
40749
40998
41164
41190
41337
41406
41437
41491
41759
41882
42037
42044
42102
42134
42281
42311
42439
42636
42663
42782
42875
42888
42980
43064
43208
43352
43428
43557
43630
43662
43789
43814
43846
43936
43973
43985
44194
44199
44347
44507
44594
44962
45034
45048
45244
45415
45517
45606
45816
46141
46173
46292
46339
46474
46604
46642
46710
46734
46816
46923
47097
47100
47218
47244
47322
47371
47483
47603
47659
47715
47747
47760
47905
47918
47966
48059
48262
48341
48542
48565
48865
48964
48973
48990
49541
49946
