55
288
429
618
714
763
1009
1159
1201
1320
1415
1474
1599
1600
1666
1699
1762
2006
2017
2121
2518
2620
2649
3031
3223
3551
3832
3919
4286
4459
4739
4826
4853
4952
5219
5410
5535
5604
5832
5838
5852
5877
6226
6237
6262
6404
6439
6582
6816
6910
6917
7096
7154
7311
7467
7487
7633
7856
8015
8077
8133
8221
8370
8561
8684
9079
9493
9879
9929
10231
10237
10250
10334
10398
11088
11211
11398
11410
11434
11521
11557
11745
11962
11982
12070
12164
12174
12234
12257
12302
12316
12330
12432
12770
12885
13037
13166
13220
13680
13721
13752
13790
13898
13994
14099
14104
14161
14216
14252
14326
14373
14589
14721
14747
14926
15088
15264
15269
15472
15546
16428
16456
16460
16492
16585
16601
16737
16763
16771
16874
16981
17045
17177
17226
17234
17301
17457
17458
17489
17637
17735
17784
17809
17836
17914
18262
18269
18508
18585
18597
18603
18742
18887
18979
19068
19195
19264
19313
19358
19497
19542
19560
19659
19897
19909
19935
19964
20133
20370
20433
20672
20736
20878
20916
21016
21330
21415
21428
21456
21508
21577
21593
21604
21716
21946
22035
22055
22066
22246
22383
22405
22511
22537
22539
22724
22772
22809
22877
23254
23387
23470
23480
23612
23657
23658
23794
23893
24102
24106
24245
24253
24457
24521
24544
24551
24620
24832
24833
25027
25088
25174
25210
25246
25257
25338
25414
25473
25499
25543
25634
25874
25980
25995
26028
26180
26268
26366
26420
26675
26872
26874
27003
27311
27369
27434
27682
27766
27791
27818
27907
28016
28017
28061
28104
28255
28399
28407
28482
28507
28510
28578
28779
28812
28857
28875
29085
29127
29193
29291
29387
29403
29436
29444
29558
29768
29795
30004
30138
30155
30180
30252
30398
30419
30566
30577
30610
30651
30670
30681
30685
30811
30886
31096
31111
31156
31182
31184
31257
31351
31356
31546
31584
31802
31817
31837
31877
31893
31914
31937
31978
32006
32148
32248
32290
32391
32409
32545
32546
32566
32578
32813
32885
32887
33034
33064
33077
33109
33111
33244
33259
33278
33497
33505
33819
33822
34034
34061
34169
34185
34256
34323
34509
34629
34768
34796
34872
34950
34991
34992
35001
35025
35141
35185
35216
35217
35544
35613
35784
35800
36254
36267
36354
36474
36545
36596
36737
36786
36903
36968
36992
37106
37226
37269
37295
37309
37346
37581
37621
37670
37679
37838
37842
37905
38001
38111
38144
38304
38340
38409
38520
38670
38739
38845
38848
38888
38990
39127
39285
39418
39512
39685
39698
39806
39901
40008
40401
40425
40665
40694
40740
40780
40809
40819
40842
41015
41136
41245
41529
41569
41647
41886
42055
42085
42130
42459
42605
42630
42632
42684
42735
42748
42831
42919
43139
43188
43299
43355
43542
43568
43666
43704
43734
43783
43822
43921
44035
44421
44426
44477
44515
44592
44824
44888
44934
44989
44994
45078
45296
45387
45507
45669
46016
46057
46065
46135
46365
46471
46485
46636
46706
46819
46823
46904
46913
47011
47083
47426
47575
47600
47940
48240
48305
48351
48404
48405
48447
48537
48560
48589
48798
48913
48919
48945
48981
49107
49143
49329
49352
49592
49856
