71
295
565
716
748
840
854
865
918
1047
1053
1117
1149
1309
1330
1337
1545
1639
1655
1698
2063
2070
2240
2272
2433
2490
2504
3229
3376
3398
3603
3746
3827
3831
3945
4104
4216
4236
4305
4368
4377
4440
4504
4622
4667
4682
4785
4874
4885
4892
5104
5159
5182
5220
5260
5382
5798
5805
5923
5927
5992
6315
6379
6435
6677
6855
7095
7152
7281
8030
8159
8258
8477
8552
8558
8607
8609
8640
8644
8703
8819
8849
9001
9037
9081
9147
9154
9210
9354
9525
9680
9699
9989
10078
10169
10241
10316
10353
10413
10432
10528
10533
10544
10736
10750
10811
11062
11475
11593
11609
11640
11906
11964
12180
12332
12338
12381
12419
12471
12533
12563
12607
12663
12736
13011
13174
13534
13654
13677
13679
13686
13702
13778
13799
13828
13922
14061
14070
14133
14189
14258
14319
14448
14726
14831
14863
14864
14897
15043
15408
15697
15746
15768
15807
16021
16215
16225
16229
16388
16545
16550
16646
16744
16770
16788
16808
16879
16911
16940
16971
17056
17106
17135
17258
17335
17551
17677
17690
17694
17729
17857
17925
18119
18153
18182
18282
18402
18525
18833
18858
18864
19049
19204
19475
19514
19611
19629
19649
19719
19954
20080
20129
20483
20716
20840
20959
21007
21147
21231
21259
21468
21504
21573
21724
22023
22046
22159
22479
22589
22674
22675
22693
22773
22833
22847
23187
23294
23296
23373
23726
23755
23929
24044
24495
24682
24765
24808
24879
24888
24899
25048
25377
25418
25582
25622
25649
25692
25798
25815
25946
26388
26392
26624
26647
26655
26723
27052
27060
27271
27277
27706
27719
27797
27918
27929
27973
28002
28081
28336
28574
28621
28739
28753
28873
28934
28960
29076
29184
29198
29452
29494
29598
29953
30312
30354
30426
30545
30671
30692
30703
30721
30776
30882
30956
31000
31081
31166
31205
31361
31448
31545
31598
31637
31928
32126
32189
32269
32273
32282
32446
32491
32586
32640
32841
32871
32893
32917
32946
32947
33029
33191
33345
33809
33923
34000
34080
34148
34444
34590
34731
34866
35011
35012
35017
35085
35324
35427
35530
35600
35713
35844
35891
35983
35986
36096
36110
36143
36255
36428
36477
36680
36768
37000
37242
37359
37563
37591
37642
37711
37713
37949
38076
38138
38173
38226
38256
38259
38313
38319
38458
38516
38552
38790
38839
38903
38914
38927
38965
39006
39031
39248
39364
39430
39446
39557
39816
39884
39986
40020
40174
40299
40388
40546
40642
40672
40724
40772
41120
41149
41217
41229
41252
41687
41930
41934
41997
42051
42057
42268
42404
42422
42494
42528
42627
42699
42752
42784
42788
42795
42799
42824
42845
42891
43094
43112
43122
43215
43242
43261
43272
43281
43472
43558
43571
43603
43673
43764
43799
43906
43984
44011
44023
44063
44227
44259
44261
44370
44476
44494
44534
44646
44661
44664
44685
44701
44744
45042
45107
45629
45855
45941
46034
46037
46062
46399
46501
46586
46783
46867
47071
47096
47346
47377
47427
47500
47560
47698
47997
48077
48140
48636
48951
48966
49067
49127
49134
49219
49231
49242
49305
49408
49550
49644
49666
49699
49701
49801
49843
49909
49913
