33
170
210
247
292
365
396
432
463
514
594
615
645
802
848
958
983
1175
1313
1314
1691
1738
1814
1835
1917
1934
1982
2175
2323
2424
2972
3105
3206
3361
3505
3576
3602
3734
3799
3807
3834
3838
3904
4123
4158
4185
4550
4603
4755
4977
5024
5103
5150
5294
5331
5443
5505
5820
6040
6157
6254
6255
6398
6411
6695
6708
6714
6914
7010
7024
7114
7322
7323
7339
7354
7365
7563
7568
7707
7762
7777
7789
7973
8009
8123
8225
8255
8338
8526
8531
8666
8808
8899
9010
9040
9073
9460
9481
9715
9777
9979
10038
10177
10263
10333
10579
10695
10704
10904
10962
11149
11176
11312
11415
11441
11569
11632
11836
11837
11925
12304
12309
12321
12479
12674
12943
13022
13152
13187
13399
13533
13560
13805
14200
14214
14308
14361
14372
14410
14676
14712
14887
14941
14986
15020
15296
15499
15605
15657
15789
15842
16003
16039
16041
16057
16099
16101
16121
16237
16268
16505
16647
16679
16779
16875
16986
17007
17044
17268
17388
17406
17480
17603
17661
17681
17685
17905
17959
17978
17992
18252
18315
18498
18550
18570
18580
18658
18691
18709
18720
18805
18977
18988
19026
19161
19199
19220
19294
19564
19648
19667
19734
19895
19912
19956
20009
20016
20215
20321
20348
20396
20484
20579
20934
21059
21135
21279
21339
21347
21353
21354
21366
21445
21450
21515
21639
21675
21684
21726
21771
21835
21873
21875
21902
21975
22118
22123
22195
22220
22323
22341
22447
22498
22720
22729
22746
22801
22820
23191
23282
23330
23464
23560
23565
23649
23670
23682
23766
23819
23825
23942
24050
24196
24597
24775
24847
24955
24997
25046
25077
25106
25214
25255
25261
25365
25387
25655
25843
26182
26193
26205
26241
26376
26586
26627
26757
26933
27358
27376
27378
27400
27467
27493
27562
27615
28135
28261
28362
28375
28532
28543
28544
28614
28750
28855
28962
29000
29067
29091
29364
29638
29675
29737
29859
29924
29952
30020
30223
30303
30351
30661
30712
30849
30950
30989
31038
31254
31386
31657
31693
31718
31756
31883
31894
32045
32212
32485
32583
32585
32767
32834
32928
32987
33043
33050
33056
33229
33364
33366
33367
33472
33596
33597
33781
33835
34105
34206
34260
34302
34371
34559
34654
34695
34756
34962
35007
35284
35407
35425
35503
35631
35733
35862
35969
36020
36076
36248
36547
36595
36776
36787
36877
37018
37105
37153
37205
37293
37635
37662
37671
37992
38115
38262
38308
38489
38560
38680
38799
38833
38907
39188
39196
39308
39396
39587
39714
39907
39954
40426
40502
40512
40973
40984
41212
41236
41321
41417
41695
41727
42091
42242
42332
42353
42643
42701
42785
42979
43135
43176
43245
43296
43356
43365
43396
43574
43618
43785
43879
44002
44283
44363
44459
44708
44741
44836
44923
44985
45132
45229
45255
45287
45425
45463
45632
45707
45893
46043
46148
46170
46190
46250
46475
46478
46701
46771
46848
47051
47161
47181
47207
47299
47616
47709
47714
47720
47804
47832
47845
47872
48126
48164
48174
48449
48464
48476
48581
48625
48692
48711
48829
49003
49140
49170
49210
49493
49572
49735
49752
49802
49845
