58
188
323
490
578
598
637
657
692
707
740
767
888
929
968
1021
1146
1267
1291
1311
1328
1451
1576
1772
1860
1903
2026
2103
2106
2210
2317
2399
2741
2933
3011
3254
3272
3289
3624
3677
3679
3766
4106
4179
4183
4271
4685
4929
4979
4994
5039
5063
5296
5299
5455
5459
5617
5738
5913
6021
6097
6159
6319
6326
6543
6657
6692
7033
7050
7108
7212
7214
7263
7526
7824
8118
8129
8208
8242
8375
8470
8510
8621
8650
8711
8983
9184
9334
9443
9553
9619
9784
9787
9801
9802
9881
9966
10259
10317
10365
10368
10516
10672
10700
10713
10950
11063
11092
11272
11334
11504
11547
11607
11677
11806
11825
11907
11934
12001
12163
12170
12176
12194
12270
12288
12289
12291
12435
12511
12513
12567
12689
12707
12792
12919
13020
13081
13082
13381
13494
13512
13588
13666
13707
14056
14059
14155
14382
14675
14816
14930
15118
15153
15247
15276
15486
15784
15835
15885
16114
16164
16248
16476
16689
16894
16901
17289
17588
17733
18109
18208
18239
18385
18532
18539
18593
18748
18876
18990
18998
19014
19023
19101
19102
19185
19271
19365
19418
19454
19508
19805
20033
20046
20082
20225
20270
20294
20352
20387
20449
20594
20674
20685
20881
21024
21280
21310
21412
21443
21469
21632
21782
21826
21847
21863
22129
22199
22231
22357
22443
22507
22885
22963
23179
23349
23363
23474
23584
23648
23711
23990
23998
24032
24267
24397
24452
24518
24587
24748
24830
24936
24952
25018
25293
25449
25558
25630
25685
25848
25862
25961
26127
26149
26296
26333
26355
26654
26761
26782
26862
26901
27102
27398
27498
27606
27638
27667
27795
27881
28121
28210
28224
28425
28640
28689
28843
28915
28930
28937
29008
29028
29073
29088
29121
29148
29423
29565
29626
29692
29708
29816
29831
29909
29937
29972
30036
30282
30510
30599
30863
31001
31067
31309
31312
31348
31438
31514
31524
31541
31636
31665
31751
31819
31939
32017
32235
32263
32272
32358
32401
32462
32571
32662
32663
32769
32810
33002
33067
33110
33124
33156
33307
33471
33493
33552
33648
33704
33834
33918
33973
34021
34236
34328
34333
34528
34681
34740
35075
35109
35145
35147
35412
35640
35711
35778
35797
35879
35906
35962
36121
36191
36245
36246
36583
36632
36700
36827
36910
37063
37084
37147
37273
37321
38003
38106
38341
38361
38365
38492
38551
38659
38708
38812
38887
38891
38912
39073
39097
39330
39420
39449
39452
39471
39564
39579
39691
39959
39969
40002
40126
40227
40263
40267
40501
40633
40718
40726
40936
40976
41009
41027
41053
41106
41402
41407
41435
41500
41534
41537
41617
41829
41873
41959
41970
42097
42283
42354
42474
42538
42553
42683
42690
42763
42841
42858
43239
43399
43556
43590
43852
43876
43878
43999
44263
44278
44398
44549
44618
44952
45039
45088
45304
45343
45360
45361
45411
45591
45741
45929
45936
46020
46087
46194
46207
46297
46409
46462
46549
46575
46621
46669
46965
47291
47339
47458
47651
47705
47794
47852
47904
48054
48221
48261
48263
48433
48443
48502
48506
48554
48986
49135
49436
49448
49486
49487
49670
49763
49807
49839
49923
