6
47
230
231
276
452
540
584
746
791
1034
1074
1095
1108
1115
1141
1171
1277
1476
1497
1502
1573
1603
1607
1649
1685
1686
1744
1956
2034
2314
2427
2480
2714
2825
2847
3140
3164
3205
3308
3442
3452
3485
3736
3843
3932
3974
3982
3994
4025
4062
4116
4152
4214
4263
4323
4581
4725
4760
5070
5083
5112
5126
5179
5222
5304
5313
5389
5522
5638
5925
6101
6110
6114
6390
6428
6452
6566
6577
6643
6682
6796
6818
6836
6882
6941
6999
7078
7274
7352
7369
7392
7504
7512
7717
7726
7728
7734
7892
7934
7953
8418
8779
8954
9228
9241
9383
9524
9687
10082
10106
10173
10174
10196
10346
10482
10515
10597
10810
10824
10842
10871
10879
10892
10895
10922
10960
11102
11108
11327
11358
11425
11562
11581
11861
12150
12232
12299
12387
12420
12484
12556
12580
12624
12637
12827
12857
13374
13480
13515
13834
13892
14063
14125
14321
14375
14627
14708
14810
14854
14866
15013
15048
15069
15241
15349
15398
15415
15550
15551
15590
15638
15913
16257
16309
16389
16673
16700
16872
16972
17034
17130
17312
17339
17363
17372
17420
17425
17731
17921
17938
17960
18121
18197
18339
18429
18494
18601
18776
18880
18958
18986
19201
19308
19359
19408
19441
20362
20429
20480
20518
20546
20571
20775
20835
20896
21114
21263
21514
21596
21610
21634
21659
21664
21710
21808
21921
21932
22086
22122
22201
22319
22385
22455
22461
22541
22638
22706
22740
22781
22994
23291
23417
23500
23637
23734
23792
23852
23962
24007
24110
24384
24426
24580
24606
24609
24731
24838
25083
25299
25490
25505
25738
25760
25809
25812
25825
25837
25879
25941
26155
26196
26282
26343
26382
26397
26536
26656
26700
26808
26832
26875
26978
27016
27064
27116
27186
27194
27319
27488
27516
27671
27734
27850
28312
28394
28525
28622
28929
28969
29139
29166
29215
29272
29355
29404
29515
29670
29704
29806
29933
29956
30027
30091
30198
30206
30405
30487
30867
30870
31363
31470
31543
31595
31956
32100
32236
32407
32513
32558
32694
32719
32814
32886
33154
33170
33582
33629
33828
33897
33909
34114
34152
34171
34268
34317
34463
34781
34914
34976
35065
35260
35572
35752
35875
36000
36068
36107
36361
36372
36560
36565
36582
37136
37141
37276
37282
37311
37367
37412
37862
37963
37973
37979
38268
38503
38540
38664
38878
38923
39039
39041
39115
39121
39126
39210
39310
39315
39524
39540
39736
39995
40027
40209
40282
40356
40505
40567
40599
40628
40657
40679
40811
40943
41105
41134
41155
41330
41336
41387
41397
41467
41586
41601
41630
41782
41784
41835
41844
42010
42202
42217
42381
42425
42620
42739
42781
42982
43092
43185
43218
43282
43395
43592
43641
43825
43925
44076
44146
44252
44320
44403
44432
44446
44538
44575
44590
44599
44604
44608
44748
44892
44956
45307
45327
45349
45379
45572
45644
45708
45716
45818
45862
45913
45927
46004
46030
46249
46260
46287
46304
46533
46561
46623
46662
46770
46835
46977
47140
47166
47328
47333
47619
47701
47974
48236
48248
48435
49007
49010
49099
49279
49313
49387
49468
49691
49712
49933
49937
49970
