378
404
451
465
806
963
1179
1211
1276
1363
1364
1422
1596
1740
1832
1839
1868
1933
2030
2396
2436
2563
2568
2631
2646
2750
2788
2826
2867
2874
2875
2937
3051
3135
3159
3246
3247
3337
3450
3521
3652
3747
3912
3916
4015
4060
4121
4204
4338
4347
4470
4675
4843
4898
5010
5051
5123
5176
5256
5268
5611
5771
5889
5897
5971
5998
6011
6171
6213
6423
6476
6717
6770
6779
6780
6805
6915
6960
7001
7008
7012
7150
7222
7305
7326
7408
7843
7848
7882
7902
7928
8101
8119
8135
8182
8200
8236
8419
8420
8635
8827
8915
8988
9007
9540
9559
9599
9631
9675
9893
9959
9988
10170
10181
10327
10378
10537
10685
10769
10804
10866
10885
11029
11071
11103
11248
11386
11641
11821
11966
12018
12139
12219
12305
12308
12351
12360
12449
12644
12657
12694
12760
12764
12895
13052
13281
13490
13495
13775
13800
13890
14093
14297
14563
14623
14760
14801
14922
14966
14981
15054
15070
15139
15142
15184
15237
15302
15323
15431
15471
15492
15549
15640
15809
15921
15952
16226
16386
16529
16657
16728
16795
16848
16973
17129
17308
17357
17374
17397
17597
17662
17720
17912
18284
18292
18364
18524
18653
18822
18964
19340
19360
19502
19550
19968
20285
20308
20650
20677
20774
21251
21254
21295
21351
21352
21495
21529
21533
21736
21944
21969
21987
22127
22331
22402
22489
22574
22636
22786
22831
22849
22875
22914
23059
23098
23211
23265
23318
23558
23894
24268
24412
24438
24611
24739
24981
25074
25123
25156
25374
25532
25594
25735
25751
25841
25967
26128
26227
26233
26235
26240
26280
26545
26743
26857
26996
27034
27132
27231
27316
27347
27395
27465
27510
27556
27617
27657
27665
27685
27720
27865
27939
27945
28288
28571
28624
28702
28756
29246
29312
29402
29522
29649
29653
29700
29724
29738
29759
29875
29883
30082
30094
30120
30142
30190
30191
30311
30320
30408
30458
30480
30591
30617
30648
30663
30699
30896
30994
31122
31152
31186
31306
31430
31436
31491
31557
31692
31941
31977
32288
32359
32364
32383
32461
32617
32701
32717
32772
32860
32867
32988
33007
33028
33063
33374
33617
33641
33651
33726
33727
33739
33867
33899
33934
34033
34107
34229
34469
34611
34808
34972
35091
35227
35272
35371
35414
35551
35816
35858
35887
35928
35941
35979
36300
36307
36494
36558
36745
36887
36924
37258
37320
37397
37427
37452
37569
37595
37653
37677
37706
37709
37824
37983
38244
38296
38336
38394
38588
38641
38663
38718
38759
38795
38840
38948
39148
39162
39185
39702
39782
39877
39888
39971
40140
40170
40195
40233
40385
40549
40644
40962
40991
41048
41215
41401
41457
41574
41923
42183
42277
42298
42317
42359
42790
42827
43087
43110
43220
43421
43509
43598
43957
43961
44027
44047
44175
44223
44658
44705
44710
44848
44943
45059
45206
45303
45330
45350
45412
45460
45687
45797
45879
45965
45985
46080
46216
46301
46406
46535
46607
46859
47002
47046
47072
47160
47489
47697
47708
47840
48026
48123
48294
48319
48336
48543
48714
48809
48816
48857
48983
49027
49161
49197
49234
49301
49424
49640
49797
49829
49947
