34
172
215
235
354
412
772
1070
1280
1301
1333
1361
1558
1672
1702
1794
1902
1955
1967
2031
2128
2193
2225
2335
2369
2406
2495
2555
2695
2738
2777
3043
3082
3277
3519
3604
3692
3722
3737
3900
3983
4096
4280
4372
4455
4514
4534
4610
4765
4810
4825
5029
5105
5263
5286
5381
5596
5713
5849
5943
5945
5974
6046
6133
6136
6187
6357
6375
6432
6507
6585
6650
6663
6938
6979
6991
7092
7134
7159
7224
7314
7358
7501
7548
7680
7702
7820
7893
7991
8394
8572
8688
8700
8725
8784
8818
8922
8979
9043
9087
9177
9256
9390
9433
9530
9544
9588
9709
9955
10171
10202
10284
10303
10440
10463
10546
10676
10726
11031
11090
11125
11172
11210
11319
11367
11455
11483
11529
11712
11888
11981
12042
12055
12272
12294
12334
12355
12368
12669
12784
12998
13092
13191
13260
13358
13362
13444
13623
13626
13788
13806
13912
14101
14109
14213
14262
14282
14368
14404
14419
14427
14451
14579
14581
14614
14795
15071
15103
15196
15256
15320
15338
15584
15837
15874
15877
16014
16105
16324
16783
16826
17038
17263
17386
17403
17497
17564
17598
17657
17787
17807
17985
18129
18137
18162
18185
18251
18399
18479
18533
18613
18715
18761
18764
18912
18978
19029
19041
19083
19120
19147
19278
19282
19339
19385
19569
19576
19647
19735
19859
19919
19977
20006
20031
20115
20131
20365
20694
21017
21043
21237
21431
21562
21611
21686
21758
22629
22726
22795
22872
22884
22895
22919
22990
23028
23062
23144
23174
23176
23299
23328
23416
23422
23522
23559
23567
23580
24099
24295
24348
24657
24826
24902
24966
25124
25205
25276
25279
25309
25397
25561
25670
25730
25784
26004
26154
26497
26498
26623
26684
26707
26773
26790
26876
26931
27007
27118
27171
27185
27211
27308
27406
27524
27534
27935
27947
27960
28057
28124
28229
28247
28523
28564
28608
28841
28909
28967
29113
29330
29334
29463
29474
29502
29578
29589
30010
30132
30235
30372
30707
30797
30804
30864
30904
30927
31178
31206
31387
31866
32021
32240
32344
32397
32570
32641
32647
32762
32825
32923
33008
33052
33057
33481
33578
33785
33967
33982
34069
34319
34401
34403
34637
34702
34798
34870
34933
34947
34948
35040
35176
35403
35586
35619
35763
35819
35934
36549
36592
36661
37046
37079
37120
37128
37144
37146
37353
37378
37400
37468
37509
37522
37636
37664
37667
37883
37900
37994
38033
38040
38117
38141
38201
38431
38444
38611
38732
38935
39144
39211
39222
39490
39499
39515
39563
39625
39655
39688
39743
39786
40052
40249
40270
40451
40466
40557
40792
40935
40977
40995
41054
41092
41256
41374
41428
41431
41589
41690
41743
41772
42040
42053
42100
42101
42126
42236
42274
42398
42479
42653
42679
43302
43392
43407
43491
43531
43714
43986
44059
44201
44233
44316
44393
44505
44550
44706
44754
44887
44955
45054
45167
45356
45390
45457
45581
45710
45753
45961
46014
46074
46251
46315
46521
46638
46760
46772
47005
47066
47107
47359
47654
47810
47958
48016
48052
48055
48058
48260
48293
48357
48598
48668
48854
49014
49182
49390
49504
49609
49688
49739
49881
