313
372
449
613
869
985
1026
1327
1407
1532
1534
1536
1708
1725
1912
2052
2068
2474
2514
2523
2610
2641
3038
3068
3144
3148
3338
3413
3454
3620
3636
3709
3753
3957
3977
4065
4100
4127
4128
4148
4211
4284
4540
4541
4753
4805
5086
5177
5238
5261
5265
5322
5452
5592
5748
5976
6030
6082
6091
6127
6202
6321
6481
6531
6573
6587
6689
6890
7051
7277
7278
7319
7343
7543
7827
8000
8059
8062
8269
8290
8416
8489
8541
8587
8886
9029
9130
9245
9264
10200
10338
10344
10789
10974
11079
11193
11293
11375
11512
11737
11800
11941
12036
12127
12262
12385
12410
12583
12649
12667
12727
12743
12842
12846
12850
12912
13028
13090
13283
13344
13388
13401
13439
13470
13501
13569
13793
13930
14017
14077
14238
14248
14261
14266
14328
14517
14613
14640
14646
14763
14875
14945
14947
14950
15076
15129
15192
15301
15363
15376
15519
15630
15683
15684
15700
15726
15832
15836
15896
15943
16173
16224
16314
16382
16413
16415
16513
16644
16831
17063
17071
17098
17138
17155
17278
17309
17361
17389
17600
17765
18195
18200
18201
18306
18609
18817
18890
19001
19005
19231
19367
19461
19557
19567
19581
19612
19783
19880
20049
20168
20203
20262
20295
20456
20727
20743
20756
20879
20886
20935
21066
21183
21236
21340
21362
21497
21511
21543
21625
21719
21747
21754
21830
21889
22213
22494
22529
22534
22540
22560
22649
22881
22996
23136
23329
23489
23557
23595
23760
23817
23911
24023
24198
24297
24327
24736
24905
24942
25163
25740
25757
25828
25859
25884
26000
26123
26135
26211
26279
26281
26444
26537
26589
26800
26829
26969
27142
27172
27204
27396
27568
27574
27604
27930
28172
28308
28498
28521
28556
28681
28690
29183
29266
29383
29448
29604
29615
29647
29743
29791
29844
30006
30066
30123
30219
30324
30579
30622
30632
30634
30856
30866
30924
31019
31058
31320
31412
31544
31668
31831
31932
32007
32031
32041
32154
32215
32432
32567
32716
32784
32894
33021
33186
33390
33509
33643
33953
34077
34096
34104
34186
34213
34389
34421
34486
34690
34993
35082
35132
35140
35180
35191
35257
35303
35469
35471
35707
35722
35814
35978
36008
36231
36304
36326
36355
36364
36713
36956
37088
37162
37191
37195
37265
37415
37491
37596
37837
37846
37866
38049
38071
38108
38214
38303
38335
38374
38490
38590
38953
39013
39059
39133
39229
39392
39619
39984
40107
40124
40136
40269
40447
40473
40545
40627
40754
40874
40934
41226
41298
41314
41440
41510
41516
41604
41629
41655
41682
41718
41729
41803
41826
41871
41964
41999
42161
42169
42188
42322
42326
42385
42677
42716
42774
42817
42855
43006
43163
43430
43432
43460
43488
43539
43601
43728
43737
43793
43842
44088
44110
44238
44311
44378
44419
44733
44797
45170
45251
45261
45407
45503
45746
45805
45820
45921
46243
46255
46481
46499
46525
46702
46719
46731
47004
47118
47127
47148
47332
47343
47400
47484
47499
47570
47626
47637
47841
47892
47896
47977
47996
48032
48185
48192
48329
48373
48480
48503
48613
48697
48794
49058
49089
49108
49163
49255
49270
49710
49794
49806
49901
49907
