144
237
249
403
484
604
641
815
933
937
1203
1236
1282
1389
1416
1932
1990
2067
2129
2162
2168
2194
2206
2224
2312
2341
2465
2498
2577
2817
2876
2975
3054
3093
3108
3128
3457
3483
3492
3542
3557
3671
3705
3772
3867
4122
4248
4256
4417
4442
4494
4505
4584
4644
4717
4792
4902
4940
5050
5052
5125
5156
5172
5281
5303
5307
5359
5491
5536
5855
5948
6119
6176
6298
6374
6495
6545
6553
6564
6625
6680
6843
6857
6958
7613
7643
7743
7839
8021
8067
8072
8103
8147
8254
8373
8492
8537
8544
8704
8836
8872
9018
9036
9069
9110
9158
9499
9708
9822
9848
10013
10120
10305
10411
10618
10714
10720
10745
10924
10933
11134
11156
11491
11515
11533
11580
11742
11744
11784
11787
12064
12111
12125
12142
12186
12220
12295
12312
12364
12453
12455
12720
12742
12874
12880
13056
13134
13373
13433
13608
13621
13635
13723
13838
13897
13899
14031
14047
14160
14337
14388
14609
14620
14673
14813
14893
14916
14939
14963
14969
15078
15220
15257
15306
15395
15397
15555
15665
15668
15961
16362
16366
16553
16630
16765
16977
16992
17035
17059
17075
17166
17190
17202
17238
17412
17538
17560
18071
18074
18085
18086
18089
18142
18217
18370
18450
18925
19193
19450
19482
19746
19872
19965
19994
20079
20499
20577
20586
20591
20629
20810
20821
20901
21028
21230
21359
21424
21459
21569
21661
21766
21983
22057
22120
22284
22293
22351
22359
22408
22419
22497
22508
22531
22579
22585
22604
22780
22867
22888
22959
22975
22987
23204
23284
23327
23372
23375
23392
23410
23656
23747
23757
23812
23874
23926
24081
24085
24265
24363
24378
24425
24449
24645
24673
24708
24752
24803
24893
25036
25051
25122
25438
25447
25492
25610
25931
26143
26219
26246
26257
26417
26502
26795
26817
26867
26879
26958
27121
27165
27260
27267
27412
27420
27517
27721
27831
27867
27905
27910
27993
28133
28173
28615
28890
29016
29104
29277
29417
29677
29689
29741
29810
29959
30033
30218
30337
30533
30544
30593
30630
30653
30657
30790
30818
31061
31077
31335
31385
31572
31592
31624
31709
31737
31786
31912
32441
32458
32543
32561
32568
32603
32670
32744
32766
32889
33049
33065
33112
33209
33338
33971
34498
34512
34529
34696
34708
34928
35046
35160
35446
35496
35656
35846
36268
36351
36448
36746
36851
36941
37121
37148
37266
37368
37567
37612
37656
37768
37936
37967
38028
38060
38252
38290
38418
38563
38567
38571
38770
38859
38862
38963
39143
39155
39166
39257
39520
39541
39738
39939
40074
40106
40138
40215
40235
40304
40398
40508
40574
40586
40956
40960
41074
41178
41210
41301
41305
41377
41624
41668
41863
41881
41883
41918
41962
42362
42409
42569
42703
42812
42994
43083
43136
43158
43397
43426
43457
43610
43624
43642
43703
43755
43763
43833
43908
43913
43968
44026
44216
44399
44471
44947
45149
45420
45595
45639
45729
46121
46133
46214
46333
46477
46483
46631
46728
46868
46871
47609
47745
47903
47917
48129
48205
48213
48265
48290
48334
48399
48622
48663
48679
48797
49116
49336
49642
49658
49662
49869
49879
49890
49935
