44
108
269
277
397
425
442
471
487
629
644
689
776
787
1167
1234
1410
1468
1529
1533
1701
1783
1822
1862
1918
2001
2196
2255
2327
2482
2762
2764
2843
2853
2909
2918
3044
3156
3426
3590
3848
4092
4215
4314
4319
4387
4395
4422
4430
4458
4493
4523
4554
4656
4657
4787
4788
4845
4857
4868
4870
5190
5233
5316
5351
5361
5429
5433
5929
5954
6163
6165
6243
6290
6310
6486
6509
6522
6595
6766
6829
6838
6916
7125
7156
7289
7492
7507
7536
7619
7640
7751
7829
7845
7964
8063
8266
8378
8628
8663
8914
8973
9050
9061
9102
9176
9259
9333
9452
9491
9503
9542
9632
9811
9892
10070
10239
10274
10352
10357
10390
10394
10469
10654
10856
10982
11020
11023
11305
11376
11727
11753
11756
11760
11843
11857
11963
12013
12244
12499
12564
12571
12603
12819
12921
12971
12972
13025
13045
13189
13406
13600
13749
13908
14167
14215
14334
14392
14423
14709
14724
14752
14787
14825
14841
14906
14972
15000
15023
15140
15432
15456
15511
15536
15636
15649
15774
16068
16073
16174
16233
16238
16420
16915
16924
16963
17027
17692
17751
17754
17799
17822
17919
18183
18192
18368
18635
18801
18867
18984
19084
19129
19144
19240
19246
19681
19718
19886
19946
19986
20038
20305
20393
20482
20845
21020
21127
21240
21522
21570
21594
21613
21642
21799
22401
22460
22623
22627
22829
22971
23080
23309
23382
23447
23461
23486
23839
23863
23889
23930
23949
24037
24108
24138
24535
24562
24599
24629
24912
25059
25104
25519
25780
25826
25926
26150
26153
26289
26303
26349
26393
26410
26492
26517
26544
26765
26825
27001
27038
27069
27075
27163
27174
27200
27457
27588
27676
27718
27768
27809
27814
27876
27964
27997
28131
28791
28823
28828
28854
29110
29286
29297
29375
29454
29456
29524
29639
29975
30076
30079
30145
30262
30453
30635
30678
30691
30715
30758
30966
31185
31427
31465
31469
31482
31574
31586
31644
31671
31772
31891
31995
32111
32147
32266
32509
33423
33536
33586
33660
33738
33799
34018
34146
34183
34212
34242
34304
34378
34776
34844
34892
35186
35305
35565
35579
35585
35792
36137
36165
36374
36442
36491
36541
36578
36623
36669
36843
36898
36908
37023
37089
37090
37259
37281
37299
37352
37426
37440
37544
37622
37730
37809
37910
38176
38346
38415
38459
38779
38865
38889
38960
38988
39054
39221
39314
39350
39436
39500
39531
39543
39547
39591
39599
39675
39721
39892
39940
39945
40003
40127
40271
40439
40468
40710
40733
40795
40813
40994
41011
41264
41268
41541
41553
41657
41663
41820
41899
41914
41946
42019
42287
42345
42473
42482
42697
42758
42786
42907
43001
43011
43027
43044
43212
43308
43311
43374
43633
43650
43671
43813
43815
43869
44068
44147
44416
44648
44674
44808
45033
45142
45218
45311
45501
45621
45627
45836
45845
45911
45966
46010
46309
46346
46451
46633
46688
46755
47106
47151
47179
47336
47360
47423
47438
47455
47479
47662
47761
47805
47956
48035
48285
48429
48440
48466
48478
48484
48522
48788
48820
48881
49001
49475
49476
49549
49557
49626
49633
49638
49837
49875
