152
195
251
252
370
390
392
408
560
576
682
785
839
922
1132
1170
1334
1357
1644
1841
1885
1942
1964
1965
2296
2319
2499
2525
2598
2790
2952
3162
3464
3574
3676
3817
3923
4027
4036
4097
4197
4416
4478
4509
4654
4693
4779
4803
4880
4957
4997
5312
5403
5551
5882
5975
6084
6123
6252
6333
6687
6710
6718
6733
6741
6853
6870
6895
7026
7070
7185
7253
7282
7505
7650
7719
7732
7896
7943
7976
8138
8209
8247
8322
8533
8579
8585
8595
8657
8740
8797
8868
8885
9035
9089
9137
9199
9328
9455
9601
9743
9797
10000
10050
10083
10091
10129
10377
10557
10571
10608
10620
10632
10665
10741
11080
11174
11262
11307
11311
11625
11708
11975
12058
12130
12265
12633
12822
12845
13009
13279
13322
13520
13532
13576
13642
13740
13762
13786
13860
13997
14197
14306
14418
14437
14504
14679
14715
15007
15083
15130
15193
15312
15335
15352
15447
15535
15564
15569
15830
15851
15888
16093
16124
16150
16380
16417
16497
16574
16609
16701
17073
17160
17165
17220
17648
17988
18020
18462
18518
18787
18892
18995
19015
19336
19343
19351
19532
19701
19743
19849
19972
20177
20221
20237
20267
20498
20601
20647
20684
20712
20806
20842
20870
20985
21067
21077
21309
21584
21687
21730
22003
22004
22026
22275
22355
22480
22564
22565
22581
22673
22699
22760
22807
22816
22947
22983
23228
23274
23537
23587
23744
23908
24103
24124
24130
24170
24182
24246
24284
24343
24461
24505
24804
24813
25033
25230
25319
25320
25346
25349
25350
25371
25476
25584
25645
25734
25863
25866
25871
26026
26050
26326
26486
26491
26890
26944
27125
27154
27614
27656
27777
27788
27920
27961
27963
28051
28062
28073
28147
28259
28295
28368
28396
28421
28424
28879
28898
29119
29180
29236
29237
29245
29553
29586
29825
29857
30008
30247
30293
30301
30395
30497
30611
30959
31164
31243
31260
31319
31343
31370
31378
31518
31601
31706
31900
31954
32078
32652
32674
32677
32746
32788
32868
32974
33128
33274
33413
33457
33501
33569
33570
33668
33856
33870
34039
34076
34145
34150
34221
34397
34434
34468
34614
34616
34627
34685
34826
34861
34903
34916
35095
35206
35481
35589
35716
35747
35760
35876
35988
36091
36150
36200
36253
36302
36333
36476
36530
36614
36650
36907
36957
37008
37096
37180
37256
37435
37568
37790
37853
37872
38021
38230
38322
38367
38382
38573
38752
38936
38973
39131
39282
39287
39397
39781
39848
39915
39972
39990
40050
40171
40496
40797
40892
41043
41044
41086
41144
41180
41294
41306
41439
41612
41694
41800
41848
41982
42193
42543
42732
42861
42995
43338
43481
43593
43594
43762
43895
43981
44000
44015
44142
44291
44300
44351
44464
44468
44506
44551
44553
44635
44678
44702
44862
44863
44927
44967
45046
45191
45336
45393
45442
45483
45529
45763
45807
45847
45859
45950
46022
46288
46316
46363
46515
46667
46675
46724
46785
46955
46996
47180
47302
47374
47466
47721
47772
47888
48028
48044
48089
48112
48220
48271
48295
48375
48546
48575
48760
48837
48887
48941
48958
48980
49176
49249
49452
49492
49588
49882
49985
