121
158
163
546
549
579
595
691
734
904
955
1010
1145
1732
1749
1759
1968
2033
2091
2222
2230
2365
2472
2492
2521
2535
2566
2855
2892
2977
2994
3063
3085
3134
3182
3322
3646
3754
3886
4048
4209
4306
4345
4346
4520
4811
4841
4944
5059
5419
5446
5469
5509
5524
5891
6164
6196
6359
6377
6392
6698
6734
6799
6947
7080
7249
7346
7427
7444
7455
7469
7556
7869
7872
7904
8098
8122
8155
8455
8480
8499
8591
8678
8787
8842
9077
9123
9133
9456
9537
9638
9818
9834
9886
9923
9934
9968
10156
10160
10472
10492
10548
10578
10724
11167
11183
11315
11332
11538
11651
11658
11696
11780
11813
11831
12177
12505
12612
12725
12790
12804
13325
13368
13371
13386
13648
13682
13719
13853
13965
14343
14405
14430
14494
14545
14635
14677
14792
14959
14980
15059
15096
15127
15282
15379
15399
15446
15489
15504
15627
15916
15973
16007
16140
16204
16280
16491
16546
16551
16613
16671
16697
16745
16969
17343
17352
17499
17660
17680
17689
17884
17932
17946
18358
18426
18642
18676
18707
18782
18872
19163
19236
19249
19262
19286
19390
19552
19689
19720
19845
19990
19992
20124
20292
20356
20519
20556
20658
20704
20744
20799
20854
20963
20974
21034
21073
21249
21300
21365
21436
21574
21743
21788
21854
21859
21884
21980
22098
22172
22242
22600
22624
22761
23088
23111
23117
23182
23193
23429
23585
23660
23661
23738
23787
23846
23928
23957
24010
24065
24162
24197
24218
24235
24278
24359
24398
24420
24454
24510
24589
24595
24675
24837
24927
24938
24947
24964
25001
25067
25160
25315
25345
25369
25586
25658
25684
25722
25731
25770
25811
25816
25869
25991
26100
26260
26328
26386
26454
26534
26689
26772
26787
27084
27088
27161
27374
27447
27477
27689
27848
27883
27892
27951
27992
28059
28321
28352
28479
28548
28687
29001
29033
29102
29135
29138
29140
29156
29195
29634
29702
29763
29839
29881
29940
30068
30153
30277
30294
30464
30559
30733
30762
30767
31142
31175
31365
31407
31411
31506
31746
31879
31947
32090
32146
32163
32194
32303
32333
32382
32960
33040
33140
33178
33187
33260
33263
33281
33341
33467
33507
33531
33534
33705
33712
33717
33763
33771
33857
34035
34095
34194
34364
34465
34849
35008
35074
35156
35393
35436
35583
35584
35607
35635
35668
35946
35948
36017
36094
36127
36186
36218
36236
36306
36389
36416
36464
36640
36853
37199
37344
37500
37542
38065
38307
38371
38389
38454
38548
38597
38614
38687
38754
38820
39019
39242
39349
39382
39394
39525
39533
39538
39570
39651
39717
39831
39872
39950
40113
40185
40290
40411
40474
40477
40622
40693
40735
40807
40870
40878
41039
41070
41353
41362
41594
41849
41975
42076
42160
42227
42237
42392
42432
42454
42603
42722
42746
42819
42928
42964
43169
43191
43419
43479
43613
43693
43909
43988
44034
44163
44203
44584
44672
44788
45055
45286
45348
45389
45612
45661
45947
46013
46279
46415
46571
46813
46827
46944
47273
47353
47518
47594
47635
47773
48175
48180
48183
48618
48621
48637
48706
48725
48742
48772
48866
49035
49146
49253
49272
49532
49664
