67
78
115
119
154
512
619
755
819
834
919
1028
1036
1243
1332
1445
1467
1546
1548
1559
1594
1622
1659
1741
1764
1840
2071
2098
2099
2284
2448
2538
2558
2602
2613
2781
2878
3097
3122
3200
3212
3236
3373
3407
3425
3691
3712
3765
4024
4180
4181
4234
4357
4388
4473
4513
4557
4636
4658
5008
5026
5145
5407
5531
5556
5605
5762
6012
6128
6182
6199
6212
6437
6618
6749
6921
7079
7248
7284
7402
7508
7597
7602
7645
7675
7740
7894
7924
7996
8034
8189
8387
8404
8452
8831
8904
8944
9200
9217
9284
9311
9313
9319
9323
9339
9476
9549
9608
9706
9874
9958
10158
10642
10694
10703
10759
10868
10912
10967
11045
11259
11292
11348
11351
11467
11535
11661
11928
12024
12050
12067
12251
12327
12341
12353
12366
12425
12491
12493
12542
12754
12838
12898
13039
13106
13265
13274
13345
13478
13497
13660
13701
13924
13982
14171
14351
14561
14774
14847
14851
14968
15040
15370
15543
15547
15554
15621
15691
15747
15881
16087
16130
16311
16358
16396
16405
16418
16576
16621
16691
16952
17140
17171
17210
17224
17610
17706
17708
17747
17933
18069
18123
18279
18328
18422
18470
18663
18800
18850
18921
18970
19016
19036
19081
19137
19151
19210
19330
19331
19528
19655
19844
19889
19975
20075
20188
20276
20333
20336
20364
20376
20535
20669
21136
21208
21227
21243
21248
21387
21406
21538
21764
21861
21895
22077
22215
22316
22347
22410
22448
22509
22526
22640
22731
22739
22806
22891
22945
23005
23162
23355
23358
23404
23437
23699
23721
23840
23864
23882
23933
23960
24006
24090
24173
24285
24654
24787
25064
25101
25245
25353
25431
25563
25573
25604
25794
25865
26248
26253
26662
26726
26783
26869
27107
27119
27201
27225
27305
27658
27773
27774
27800
27835
28066
28459
28725
28736
28755
28869
28926
29004
29071
29295
29339
29362
29514
29559
29588
29719
29769
29946
30246
30259
30352
30389
30410
30428
30496
30728
30737
30831
30889
30939
30957
30958
31029
31031
31204
31238
31331
31355
31856
31920
32055
32067
32074
32085
32355
32429
32433
32553
32833
33046
33098
33149
33166
33268
33370
33394
33470
33502
33614
33631
33813
33840
33900
34005
34127
34128
34173
34182
34326
34417
34441
34478
34487
34506
34555
34569
34653
34865
35016
35197
35388
35755
36108
36341
36482
36538
36602
36738
36840
36861
37027
37249
37257
37585
37698
37749
37805
37990
38109
38220
38271
38300
38327
38542
38570
38607
38798
38860
38873
38933
39272
39273
39321
39368
39432
39447
39497
39623
39929
40011
40337
40592
40612
40794
41184
41186
41645
41715
41720
41780
41847
42303
42756
42811
43132
43141
43203
43541
43679
43792
43861
43922
43967
44156
44220
44255
44282
44294
44539
44645
44852
44886
44916
44960
45067
45184
45331
45416
45551
45628
45691
45694
45839
45885
45972
45977
45982
45999
46258
46369
46372
46454
46758
47001
47030
47284
47459
47490
47536
47597
47694
47699
47727
47851
47869
47897
47986
48191
48195
48467
48647
48688
48841
48904
48920
49030
49068
49307
49426
49607
49615
49649
49772
49835
49854
49942
49993
