66
95
311
402
497
796
861
880
971
1258
1413
1694
1723
1857
1945
2109
2174
2331
2346
2351
2420
2666
2744
2813
2829
2863
3069
3183
3199
3231
3265
3482
3523
3563
3688
3884
3961
4084
4401
4408
4431
4627
4676
4849
4867
4920
4939
4985
4991
5488
5510
5527
5618
6067
6108
6198
6204
6256
6278
6329
6365
6493
6593
6598
6675
6712
6824
6899
6971
7196
7356
7375
7424
7553
7835
7863
7972
8002
8215
8319
8606
8696
8742
8763
8796
8952
9216
9298
9364
9370
9435
9728
9854
9882
9904
10096
10159
10244
10311
10634
10886
11028
11161
11283
11337
11368
11440
11487
11495
11530
11700
11716
11869
11917
12126
12162
12226
12373
12411
12590
12639
12728
12854
12891
13085
13119
13342
13429
13645
13861
13968
14005
14458
14506
14665
14723
14732
14735
14934
14953
15003
15169
15223
15460
15516
15579
15603
15608
15617
15639
15646
16176
16277
16289
16296
16535
16571
16633
16731
16885
17004
17136
17193
17227
17347
17376
17495
17554
17556
17785
17887
17915
18173
18576
18581
18668
18874
18906
19046
19142
19173
19184
19207
19310
19395
19412
19715
19757
19792
19809
20096
20140
20158
20359
20382
20603
20751
20787
20839
20858
20942
20945
21042
21054
21159
21182
21256
21485
21496
21500
21546
21599
21623
21646
21674
21706
21707
21753
21779
21845
22010
22030
22096
22137
22203
22542
22554
22583
22719
22890
22906
22913
22918
23110
23157
23350
23406
23426
23491
23548
23627
23716
23753
24061
24145
24160
24175
24291
24301
24377
24405
24596
24667
24713
25132
25370
25416
25478
25663
25975
26036
26072
26089
26199
26403
26409
26473
26530
26577
26681
26721
26992
26997
27130
27190
27248
27312
27409
27459
27481
27505
27531
27575
27927
28036
28049
28058
28145
28180
28219
28252
28306
28515
28652
28685
28744
29094
29197
29306
29421
29458
29971
30183
30230
30404
30476
30486
30535
30660
30746
30810
30835
30903
30978
31115
31275
31308
31366
31605
31728
31841
31846
31880
32070
32150
32334
32336
32351
32394
32425
32481
32654
32676
33103
33292
33543
33665
33670
33672
34093
34101
34218
34265
34291
34310
34362
34369
34372
34520
34566
34720
34977
35033
35133
35142
35274
35374
35450
35459
35468
35536
35566
35794
36075
36109
36128
36184
36444
36721
36728
36933
37021
37150
37262
37350
37410
37432
37455
37489
37693
38070
38110
38266
38375
38541
38610
38622
38699
38707
38709
38746
38858
39164
39198
39204
39451
39631
39838
39889
39890
39898
40080
40088
40384
40403
40516
40578
40616
40760
41124
41206
41231
41303
41423
41503
41531
41713
42061
42195
42337
42344
42403
42488
42556
42564
42896
43177
43181
43234
43241
43361
43390
43544
43615
43616
43647
43773
43867
44151
44198
44340
44457
44535
44727
44929
44996
44998
45057
45100
45103
45226
45230
45313
45511
45576
45696
45725
45906
46132
46236
46600
46625
46671
46820
46833
47126
47209
47238
47281
47406
47607
47620
47666
47704
47818
47910
47975
48064
48079
48115
48135
48299
48391
48491
48562
48695
48781
48845
48916
48975
48996
49088
49226
49397
49471
49484
49602
49689
49872
49905
