61
100
380
438
725
820
1079
1227
1544
1679
1715
1869
1874
1905
2029
2082
2203
2239
2360
2417
2449
2457
2561
2743
2924
2929
2947
2993
3052
3103
3146
3273
3362
3370
3415
3435
3437
3480
3684
3777
3789
3870
3935
3962
4194
4383
4532
4544
4672
4713
4716
5014
5162
5163
5289
5364
5438
5499
5624
5808
5861
6125
6434
6523
6551
6575
6777
6902
7337
7394
7463
7569
7701
7753
7796
7912
8039
8060
8095
8114
8227
8285
8294
8437
8447
8453
8483
8511
8524
8592
8645
8655
8751
8781
8861
9012
9253
9308
9318
9576
9630
9656
9686
9693
9694
9788
9977
10032
10217
10318
10438
10455
10495
10517
10605
10647
10728
10913
10959
10980
11003
11068
11085
11539
11829
11989
11993
12017
12117
12129
12239
12474
12581
12682
12715
12723
12947
13034
13098
13157
13163
13218
13225
13273
13377
13636
13796
13871
13889
14078
14118
14257
14728
14770
14827
15195
15225
15262
15451
15484
15572
15601
15739
15792
15924
16177
16331
16338
16604
16766
16903
17107
17341
17366
17697
17986
17989
18098
18144
18261
18270
18301
18316
18343
18373
18546
18845
18857
18997
19032
19099
19269
19274
19309
19399
19402
19451
19471
19533
19534
19579
19592
19684
19716
19887
20013
20251
20552
20746
20865
21018
21019
21357
21390
21563
21620
21760
21810
21819
22259
22329
22823
22876
23024
23100
23248
23347
23397
23450
23472
23475
23485
23611
23638
23706
23798
23866
23991
24018
24083
24096
24186
24188
24213
24230
24300
24401
24406
24446
24509
24604
24670
24741
24780
24794
24995
25045
25144
25445
25464
25506
25526
25560
25720
25872
25943
26007
26104
26332
26356
26516
26609
27110
27127
27290
27320
27388
27466
27486
27793
27852
27873
27994
28270
28326
28341
28478
28678
28718
28771
28889
29490
29596
29616
29630
29813
29818
30073
30327
30432
30568
30602
30655
30662
30719
30759
30945
30981
31004
31233
31288
31554
31664
31715
31734
31924
32204
32399
32703
32965
32975
32997
33037
33074
33105
33155
33163
33188
33202
33296
33450
33638
33756
33796
33824
34227
34386
34534
34547
34624
34729
35073
35103
35294
35715
35896
35904
35923
35947
35950
36085
36141
36147
36283
36319
36414
36424
36515
36612
36694
36944
36989
37070
37093
37143
37165
37251
37618
37654
37851
37893
37921
37922
37999
38342
38423
38453
38505
38601
38639
38665
38765
38832
38864
39024
39076
39104
39153
39194
39217
39270
39377
39386
39414
39733
39765
40039
40120
40157
40279
40351
40380
40799
40885
40899
41524
41591
41597
41674
41712
41742
41789
41874
41998
42045
42086
42307
42365
42435
42574
42657
42884
42886
42977
43057
43199
43304
43357
43416
43645
43759
43894
43976
43996
44188
44330
44361
44463
44470
44478
44521
44838
44901
44942
44957
44980
45027
45086
45138
45166
45183
45477
45533
45535
45553
45580
45582
45587
45731
45843
46163
46306
46308
46343
46421
46757
46761
46791
46844
46856
46861
46872
46894
47048
47069
47157
47227
47239
47385
47533
47591
47700
47769
47849
48119
48151
48372
48384
48416
48644
48661
48669
48683
48805
49235
49251
49295
49332
49510
49779
