2
176
304
317
353
441
459
587
658
789
822
915
1238
1626
1828
1979
2076
2126
2264
2500
2531
2537
2640
2936
3007
3057
3294
3332
3458
3520
3535
3594
3708
3757
3780
3936
4055
4142
4251
4344
4398
4480
4691
4726
4757
4767
5077
5129
5153
5239
5483
5649
5792
5914
5950
6241
6247
6294
6389
6416
6438
6607
6803
6851
7025
7136
7143
7155
7234
7266
7452
7498
7577
7923
8012
8045
8065
8106
8180
8409
8512
8617
8637
8847
8957
9062
9236
9324
9404
9426
9470
9665
10037
10221
10382
10488
10958
10970
11048
11058
11065
11072
11121
11188
11264
11314
11349
11402
11507
11614
11841
11943
11995
12208
12286
12358
12738
12775
12946
13181
13194
13252
13359
13409
13528
13531
13622
13852
13971
14082
14344
14444
14461
14480
14513
14574
14607
14869
14967
15085
15105
15175
15274
15278
15482
15701
15753
15758
15777
15843
15990
16178
16242
16352
16353
16356
16520
16540
16541
16637
16785
16844
16854
16942
16996
17036
17114
17151
17384
17390
17450
17727
17882
18064
18223
18564
18744
18746
18799
19002
19037
19051
19218
19245
19265
19745
19997
20155
20159
20169
20339
20402
20673
20714
20738
20889
20941
21094
21099
21210
21290
21328
21399
21667
21725
21752
21781
21823
21870
22165
22324
22491
22545
22768
23053
23137
23208
23278
23399
23582
23780
23856
23886
24053
24134
24382
24458
24717
24889
24980
25053
25084
25208
25342
25427
25705
25768
25898
25902
25979
26006
26042
26115
26247
26320
26325
26340
26361
26418
26488
26604
26702
26819
27181
27272
27350
27355
27440
27572
27576
27636
27759
27990
28038
28092
28285
28316
28361
28412
28444
28581
28648
28722
28813
29187
29211
29275
29399
29405
29582
29895
30026
30064
30172
30241
30249
30442
30592
30621
30631
30731
31007
31020
31066
31139
31148
31252
31301
31398
31492
31600
31697
31835
31966
32048
32049
32124
32128
32139
32159
32197
32233
32404
32447
32507
32681
32714
32826
33145
33208
33376
33492
33563
33632
33686
33690
33748
33773
33801
33950
33983
34041
34042
34110
34143
34205
34254
34567
34631
34660
34665
34871
34921
34952
35044
35137
35193
35204
35223
35230
35389
35502
35653
35665
35739
35849
35908
35959
35963
35971
36172
36323
36391
36481
36535
36551
36562
36693
36817
36841
36863
37056
37334
37365
37402
37763
37772
38100
38163
38278
38420
38482
38525
38620
38724
38748
38787
38908
38934
38950
39278
39303
39318
39404
39462
39893
39949
40036
40167
40264
40274
40419
40446
40475
40486
40598
40607
40641
40715
40796
40928
41172
41242
41248
41259
41558
41582
41664
41754
41774
41798
41819
41947
41956
42077
42117
42162
42285
42441
42631
42660
42717
42780
42834
42847
42957
43179
43202
43210
43216
43219
43363
43530
43575
43584
43691
43946
43994
44075
44077
44150
44180
44327
44364
44429
44450
44725
44972
45045
45077
45096
45171
45317
45370
45375
45466
45496
45616
45682
45717
45782
45940
45967
46039
46220
46274
46295
46358
46840
47363
47445
47676
47949
47979
48100
48154
48395
48469
48606
48715
48751
48823
48921
48994
49474
49497
49554
49677
49748
49754
