150
297
364
411
525
589
821
836
842
884
990
1011
1131
1184
1235
1263
1360
1380
1530
1706
1763
1776
1803
1891
1910
2007
2347
2439
2473
2481
2590
3201
3328
3357
3368
3400
3417
3434
3716
3733
3933
3969
4002
4075
4222
4595
4684
4762
4832
5158
5200
5206
5306
5456
5549
5610
5744
5751
5769
5801
5816
5919
6093
6161
6487
6511
6629
6688
6729
6755
6862
6967
7210
7221
7225
7287
7318
7486
7564
7591
7611
7716
7738
7807
7865
7920
8050
8283
8352
8391
8503
8675
8820
8917
9009
9032
9065
9188
9296
9335
9437
9616
9855
9905
9906
9940
9998
10085
10109
10215
10261
10395
10657
10702
10765
10786
10834
10850
10972
10986
11100
11107
11360
11469
11531
11610
11743
11879
11931
12046
12084
12211
12313
12367
12489
12614
12653
12830
12894
13019
13095
13115
13348
13564
13604
14241
14243
14486
14547
14644
14803
14808
14958
15752
15879
16024
16154
16258
16624
16755
16880
17300
17387
17525
17625
17686
17726
17770
17827
17920
18016
18294
18351
18430
18468
18506
18531
18534
18544
18795
18854
18863
18955
19106
19159
19170
19174
19189
19224
19363
19501
19574
19774
19988
20025
20167
20190
20191
20434
20562
20792
20859
20883
20910
20950
21000
21036
21081
21088
21130
21187
21258
21289
21391
21449
21478
21536
21561
21696
21821
21841
21930
22145
22256
22258
22735
22794
22893
22929
23094
23155
23216
23364
23562
23618
23624
23700
23914
23938
24087
24140
24143
24423
24482
24497
24745
24835
24881
24887
24984
25047
25157
25229
25443
25547
25549
25716
25795
26029
26055
26091
26159
26166
26176
26285
26415
26466
26485
26523
26574
26693
26705
26850
26937
27104
27422
27476
27637
27647
27840
28032
28152
28267
28345
28585
28668
28745
28918
29274
29369
29540
29572
29662
29826
29834
29921
29945
30038
30147
30500
30752
30861
30941
31017
31052
31143
31145
31212
31444
31508
31550
31629
31792
31807
31870
31985
31990
32253
32259
32308
32348
32393
32490
32527
32611
32638
32712
32759
32822
33088
33122
33196
33203
33266
33276
33285
33434
33567
33605
34020
34125
34139
34245
34540
34544
34605
34640
34682
34745
34815
34832
34836
34956
35062
35076
35114
35240
35353
35411
35659
35714
35791
36082
36090
36453
36603
36635
36736
36764
37222
37271
37303
37514
37777
38006
38227
38397
38405
38483
38745
38766
38784
38807
38815
38835
38853
39061
39064
39202
39214
39284
39523
39646
39744
39841
39952
40104
40155
40295
40306
40315
40377
40381
40415
40499
40518
40543
40681
40742
40827
40833
40879
40939
41195
41349
41394
41453
41568
41794
41887
41922
41978
42006
42229
42618
42686
42733
42737
42987
43086
43252
43258
43280
43372
43444
43862
43865
43904
44004
44100
44183
44332
44373
44532
44559
44768
44833
44853
44859
44871
44882
45161
45321
45637
45642
45781
45828
46054
46224
46423
46538
46616
46695
46847
46941
46943
47009
47012
47114
47178
47267
47296
47717
47806
47867
47993
48097
48109
48298
48333
48713
48749
48803
48807
48814
48826
48939
49271
49333
49478
49587
49611
49629
49635
49678
49778
49782
49889
49944
49990
