8
84
255
256
275
348
443
494
534
550
652
901
988
1208
1486
1590
1680
1722
1788
2048
2119
2232
2245
2394
2428
2606
2609
2877
2889
3041
3241
3259
3288
3543
3672
3858
4035
4242
4262
4426
4436
4464
4932
5463
5482
5561
5659
5694
5874
5944
5959
5961
6013
6146
6218
6340
6489
7018
7436
7437
7456
7483
7494
7780
7801
7810
8051
8246
8469
8479
8735
8741
8762
8860
9060
9175
9265
9312
9485
9532
9569
9617
9936
9999
10143
10150
10163
10179
10230
10324
10337
10435
10461
10481
10539
10627
10659
10777
10783
10785
10997
11041
11285
11287
11316
11362
11418
11703
11721
11724
11755
11874
11875
12052
12182
12213
12264
12315
12403
12426
12439
12494
12534
12618
12772
12837
12960
13078
13234
13290
13380
13472
13518
13616
13619
13667
13676
13688
13770
13783
13802
13816
14024
14076
14230
14234
14288
14313
14482
14525
14608
14645
14649
14756
14782
14784
14822
14857
14898
15019
15027
15386
15508
15556
15629
15823
16132
16151
16241
16680
16694
16703
16805
16979
17011
17152
17154
17173
17222
17438
17475
17618
17678
17714
17892
17945
17993
18055
18226
18235
18471
18501
18542
18586
18815
19070
19252
19301
19409
19417
19427
19449
19459
19568
19732
19767
19803
19848
19861
19910
19953
20018
20350
20530
20547
20602
20785
20791
21033
21126
21173
21302
21320
21797
21890
21926
22081
22597
22703
22942
23006
23221
23524
23533
23575
23623
23635
23694
24216
24625
24628
24642
24696
24790
24897
24898
24900
24932
24937
25073
25094
25196
25393
25468
25497
25542
25686
25948
26110
26116
26168
26404
26435
26509
26568
26570
26666
27017
27041
27160
27202
27392
27431
27727
27754
27917
27970
28100
28118
28186
28324
28476
28486
28534
28589
28613
28839
28911
28979
29057
29111
29128
29299
29428
29455
29461
29533
29600
29660
29725
29809
29927
30044
30159
30257
30283
30388
30449
30782
30960
31095
31129
31167
31190
31329
31426
31445
31673
31679
31830
31878
31916
31923
32040
32156
32278
32709
32754
32865
32896
33086
33117
33198
33240
33316
33803
33888
33907
34003
34004
34071
34296
34522
34917
35153
35170
35273
35378
35431
35485
35618
35753
36041
36151
36279
36281
36377
36641
36855
37155
37213
37243
37360
37401
37442
37610
37640
37707
37708
37792
37869
38080
38125
38130
38202
38301
38315
38385
38600
38646
38660
38678
38802
38841
39053
39191
39197
39233
39444
39458
39463
39696
39753
39836
39894
39960
40122
40130
40266
40278
40294
40360
40522
40523
40680
40707
40818
40986
41211
41241
41454
41839
41866
41940
42015
42121
42196
42279
42373
42374
42455
42483
42533
42614
42676
42773
42916
42947
42959
43037
43159
43160
43328
43351
43478
43498
43538
43712
43889
44277
44292
44638
44641
44880
44940
45346
45382
45446
45473
45476
45485
45498
45555
45592
45792
45808
45939
46007
46058
46131
46261
46262
46388
46505
46585
46614
46654
46682
46766
46838
47010
47077
47141
47173
47216
47331
47380
47419
47424
47492
47555
47774
47932
48113
48313
48386
48501
48551
48569
48651
48726
48991
49319
49382
49566
49695
49705
49916
49951
49963
