42
88
204
208
416
423
467
479
515
617
1097
1140
1147
1298
1434
1542
1591
1610
1787
2181
2219
2233
2236
2262
2265
2294
2361
2372
2444
2612
2737
2844
2862
2920
3029
3127
3638
3667
3750
3897
4047
4193
4264
4351
4643
4791
4869
4974
4998
5061
5444
5471
5529
5576
5662
5731
5908
6094
6111
6117
6144
6245
6287
6335
6351
6403
6554
6622
6747
6758
6809
6873
6898
7188
7209
7441
7587
7773
7785
7903
8025
8181
8267
8301
8498
8515
8721
8856
8987
8997
9020
9045
9078
9142
9463
9798
9824
9911
10055
10137
10203
10421
10609
10680
10758
10995
11059
11081
11122
11308
11397
11442
11517
11652
11694
11731
11736
11919
12011
12189
12319
12345
12554
12555
12631
12713
12722
12856
12860
13062
13215
13663
13755
13797
13849
13850
13859
13957
14018
14246
14406
14533
14536
14543
14611
14804
14823
14890
14929
15089
15100
15215
15342
15401
15430
15491
15544
15563
15623
15958
16075
16251
16326
16363
16421
16668
16676
16888
17065
17099
17229
17241
17272
17524
17576
17737
17776
17790
17896
18001
18112
18136
18138
18189
18456
18630
18731
18797
18895
18903
18996
19048
19075
19127
19257
19312
19316
19394
19486
19676
19812
19835
19911
19957
20132
20183
20211
20238
20485
20532
20753
20833
20894
21001
21070
21332
21727
21923
21949
21962
21976
22074
22101
22164
22247
22278
22292
22298
22431
22555
22725
23077
23161
23169
23188
23219
23342
23438
23516
23528
23625
23742
23821
23870
23913
23966
24484
24588
24605
24630
24778
24785
24792
25068
25127
25318
25621
25633
25656
25737
25822
25906
26063
26204
26323
26777
26888
27098
27122
27143
27170
27276
27289
27303
27454
27492
27888
28054
28201
28355
28384
28691
28827
28844
28973
29051
29350
29462
29491
29526
29567
29706
29777
29893
30052
30220
30522
30549
30596
30821
30826
30913
31003
31080
31146
31299
31350
31358
31401
31439
31578
31701
31721
31747
31975
31992
32135
32239
32260
32316
32352
32386
32592
32735
33031
33106
33136
33271
33332
33409
33433
33562
33565
33676
33744
33988
34092
34111
34118
34131
34224
34228
34270
34303
34446
34801
34940
34951
34963
34975
34982
35400
35448
35492
35518
35550
35615
35671
35731
35767
35867
35911
35915
35949
36009
36073
36235
36243
36373
36523
36563
36585
36643
36778
36847
37168
37237
37363
37461
37546
37725
37957
38105
38209
38236
38251
38381
38402
38404
38562
38581
38731
38851
38909
38938
39004
39435
39644
39780
39798
39978
39979
39991
40191
40289
40318
40611
40727
40747
40851
40890
40974
41037
41228
41320
41676
41698
41817
41836
42122
42230
42325
42339
42370
42531
42559
42622
42642
42671
42740
42803
42904
43017
43049
43305
43337
43512
43524
43625
43713
43738
43858
43883
44090
44525
44670
44771
45095
45236
45335
45369
45506
45597
45624
45633
45650
45718
45722
45760
45762
45848
45945
46041
46044
46075
46508
46569
46595
46639
46767
46815
46931
46973
47029
47041
47186
47247
47253
47461
47556
47582
47688
47850
47971
48754
48776
48987
49043
49080
49274
49310
49412
49525
49610
49659
49672
49690
49922
49966
49972
