38
413
481
701
902
938
957
1087
1089
1110
1133
1155
1191
1348
1397
1458
1496
1506
1524
1581
1601
1651
1718
1863
1921
1959
2120
2366
2455
2687
3143
3261
3348
3490
3518
3715
3717
3925
3942
3993
4265
4279
4301
4308
4463
4668
4759
4905
5023
5032
5084
5087
5274
5295
5501
5546
5574
5926
5955
6050
6083
6266
6482
6615
6783
6828
7034
7175
7280
7288
7315
7401
7460
7468
7558
7617
7676
7749
7844
7979
8083
8440
8516
8565
8867
8950
8989
9064
9119
9238
9277
9668
9738
9944
9950
10388
10588
10648
10752
10851
11015
11171
11374
11430
11463
11511
11672
12028
12088
12384
12651
12687
12752
12825
12892
12982
13216
13244
13264
13314
13361
13559
13620
14152
14370
14400
14595
14647
14741
14833
14839
15147
15197
15299
15357
15594
15775
15815
15821
15911
16008
16214
16294
16361
16435
16478
16544
16810
17029
17137
17149
17159
17271
17484
17584
17624
17638
17721
17740
17834
17866
18040
18181
18337
18612
18816
18861
18883
19200
19504
19633
19656
19787
19823
19862
20044
20144
20187
20229
20316
20366
20598
20617
20682
20718
20750
20844
21004
21046
21166
21175
21178
21255
21318
21372
21427
21507
21523
21767
21804
21828
21844
21849
21892
21978
22235
22641
22792
22828
23022
23061
23153
23170
23199
23202
23249
23273
23302
23506
23696
23737
23765
23802
23931
23997
24107
24127
24129
24161
24177
24232
24323
24366
24470
24519
24610
24634
24647
24668
24740
24817
24914
24949
24967
25023
25119
25147
25256
25306
25603
25739
25790
26117
26151
26175
26398
26518
26546
26596
26621
26630
26741
26775
26788
26860
26865
26938
26998
27014
27264
27313
27317
27327
27618
27621
27622
27626
27710
27743
27816
27859
27866
27871
28113
28260
28381
28414
28630
28679
28721
28757
28985
29112
29130
29338
29608
29619
29667
29672
29822
29828
29896
29993
30090
30096
30234
30248
30278
30287
30448
30473
30538
30705
30872
31094
31264
31327
31342
31689
31717
31888
31960
32381
32618
32878
32956
33233
33325
33402
33616
34001
34066
34207
34263
34279
34414
34527
34767
34856
35139
35154
35205
35239
35318
35385
35409
35490
35571
35673
35808
36053
36083
36228
36471
36752
36888
36985
36997
37031
37040
37108
37130
37173
37216
37247
37327
37343
37375
37376
37499
37528
37576
37834
37839
38058
38188
38344
38506
38543
38564
38591
38682
38700
38702
38810
39029
39052
39099
39159
39192
39332
39839
39866
39874
39983
40015
40463
40945
41050
41081
41177
41273
41351
41463
41686
41717
41755
41770
41776
41785
41965
42031
42103
42106
42163
42167
42410
42475
42546
42550
42585
42588
42595
42638
42655
42760
42807
43005
43114
43138
43174
43335
43402
43409
43439
43926
43987
44117
44519
44578
44595
44700
44747
44782
44784
44831
44835
44898
44920
45066
45334
45368
45410
45952
46172
46174
46359
46362
46385
46457
46596
46602
46749
46873
46924
47067
47091
47115
47256
47326
47356
47405
47532
47565
47577
47833
47898
48067
48096
48163
48194
48515
48563
48635
48709
48768
48817
48844
49189
49224
49269
49290
49379
49410
49477
49481
49535
49776
49902
49908
