28
79
85
250
316
338
523
742
808
812
931
949
987
1013
1500
1515
1541
1674
1745
1780
1856
2037
2339
2468
2512
2594
2812
2980
3056
3172
3365
3531
3548
3550
3630
3631
3690
3702
3728
3743
3828
3855
3874
4030
4042
4090
4095
4120
4182
4258
4277
4317
4503
4530
4640
4729
4820
5000
5035
5065
5311
5380
5526
5749
6000
6120
6142
6194
6200
6499
6619
6653
6713
6757
6887
6977
7004
7162
7171
7549
7579
7623
7881
7937
8064
8188
8214
8361
8397
8426
8432
8953
9000
9051
9141
9231
9248
9292
9310
9361
9448
9659
9725
9858
10030
10057
10126
10178
10201
10308
10460
10580
10621
10733
10819
10864
11060
11196
11251
11304
11365
11445
11588
11685
11695
11847
12121
12191
12290
12389
12492
12595
12600
12681
12756
12877
12938
13155
13223
13438
13614
13681
13807
13808
13914
13979
14051
14163
14265
14472
14522
14558
14603
14686
14697
14780
14849
14935
15115
15152
15255
15505
15522
15578
15695
15884
16060
16190
16269
16322
16430
16615
16617
16667
17331
17537
17558
17562
17577
17710
17755
17923
18008
18046
18090
18118
18259
18459
18523
18594
18792
18877
18899
18934
19115
19238
19455
19696
19789
19799
19825
19929
20017
20041
20194
20282
20346
20460
20825
20860
20907
21026
21241
21262
21374
21430
21490
21647
21648
21852
22053
22063
22092
22214
22343
22346
22536
22561
22715
23115
23477
23718
23764
23878
23959
23975
23981
24009
24086
24445
24483
24598
24707
24728
24779
24861
25159
25242
25289
25388
25423
25562
25657
25764
26023
26098
26109
26292
26616
26843
26883
26927
26988
27059
27229
27298
27335
27826
27885
28053
28184
28333
28411
28464
28573
28650
28659
28667
28770
28989
29014
29066
29115
29173
29206
29261
29610
29683
29753
29861
29931
30227
30272
30329
30353
30417
30492
30567
30582
30667
30879
30922
30923
31141
31158
31278
31303
31449
31453
31710
31743
31761
31766
31793
31993
32000
32081
32099
32107
32237
32241
32247
32313
32350
32542
32656
32697
32750
32751
32818
33076
33114
33116
33160
33165
33280
33293
33320
33328
33425
33427
33458
33681
33716
33776
33794
33917
34269
34533
34677
34760
34831
34838
35066
35072
35196
35256
35340
35352
35375
35413
35561
35581
35606
35764
35924
35973
36159
36202
36214
36247
36294
36362
36432
36468
36608
36697
36711
36773
36859
36932
37109
37261
37296
37318
37323
37396
37425
37471
37655
37854
37941
37986
38143
38258
38275
38281
38376
38495
38595
38636
38744
38749
38984
39001
39351
39713
39728
39810
39858
40022
40134
40260
40387
40394
40771
40853
40914
41036
41153
41357
41487
41656
41681
41877
42027
42309
42361
42438
42472
42517
42563
42575
42650
42702
42796
42816
42965
43062
43078
43111
43307
43483
43810
43911
44038
44048
44234
44552
44616
44694
44925
45125
45126
45559
45571
45734
45878
45962
45963
46332
46380
46424
46592
46617
46717
46733
46964
47304
47313
47361
47544
47687
47735
47778
47934
47961
47970
48072
48144
48306
48352
48383
48431
48595
48624
48634
48741
48863
48952
48960
48984
49016
49115
49322
49374
49660
49777
49864
49865
