36
186
196
234
489
503
654
673
675
783
975
1105
1241
1395
1412
1429
1481
1641
1943
2097
2132
2156
2263
2377
2596
2841
3009
3232
3335
3344
3369
3401
3802
3871
4538
4599
4904
4925
4954
4955
5539
5547
5633
5709
5782
6023
6151
6172
6209
6214
6258
6337
6391
6715
6847
6946
6997
6998
7023
7208
7370
7373
7428
7466
7533
7554
7612
8276
8321
8559
8622
8668
8699
8760
8799
8873
8976
9106
9254
9275
9281
9348
9408
9535
9593
9696
9780
9789
9916
9956
10042
10180
10208
10222
10584
10897
11135
11223
11247
11347
11546
11566
11575
11619
11675
11681
11885
11939
12077
12195
12246
12346
12395
12480
12523
12539
12565
12588
12638
12661
12683
12688
12746
12751
13014
13015
13060
13158
13258
13354
13364
13510
13592
13603
14006
14053
14088
14144
14183
14232
14235
14290
14338
14377
14454
14578
14600
14621
14648
14660
14690
14809
14858
15119
15149
15252
15308
15521
15624
15706
15933
16078
16318
16325
16336
16499
16503
16778
16857
16877
17046
17469
17474
17715
17913
17952
18037
18265
18325
18330
18363
18389
18656
18666
18708
18730
18735
18771
18774
19095
19109
19146
19211
19383
19400
19430
19599
19916
19993
20081
20148
20185
20226
20278
20328
20392
20400
20470
20487
20504
20578
20657
20715
20783
20967
21003
21021
21025
21118
21151
21157
21463
21829
21905
21919
21965
22025
22076
22144
22191
22260
22308
22344
22393
22395
22504
22512
22582
22692
22889
22966
23159
23171
23286
23287
23331
23360
23507
23803
24001
24135
24275
24444
24481
24532
24640
24669
24743
24756
24801
24951
24965
25168
25283
25308
25384
25500
25550
25732
25857
25894
25909
25963
25981
26025
26045
26074
26265
26308
26521
26606
26745
26928
27099
27114
27129
27139
27367
27479
27527
27776
27845
27886
27896
28000
28071
28151
28607
28670
28774
28820
28838
28906
28908
28913
29231
29252
29408
29415
29471
29483
29499
29516
29562
29751
29797
29807
29951
30059
30151
30362
30365
30409
30437
30677
30920
31180
31364
31393
31466
31606
31611
31655
31727
31782
32109
32140
32141
32625
32660
32821
33016
33201
33323
33414
33428
33573
33718
34026
34156
34261
34398
34407
34460
34514
34515
34666
34738
34777
35026
35097
35102
35119
35221
35460
35547
35648
36046
36296
36359
36433
36497
36593
36724
36826
37252
37260
37290
37364
37372
37465
37599
37741
37829
37849
37864
37894
37917
37969
38053
38079
38090
38528
38594
38668
38827
38982
39219
39292
39373
39398
39408
39498
39569
39604
39790
39819
39868
40070
40161
40177
40218
40255
40259
40369
40563
40631
40790
40881
40904
40920
40930
40957
40958
40965
41058
41112
41192
41277
41333
41444
41549
41633
41707
42338
42358
42418
42524
42555
42926
43371
43447
43450
43513
43532
43537
43655
43827
43892
44247
44249
44761
44891
45143
45157
45181
45200
45491
45585
45736
45865
45901
46002
46119
46266
46294
46366
46637
46697
47035
47085
47154
47237
47272
47568
47627
47807
47817
47989
48004
48066
48196
48199
48255
48259
48461
48815
48948
49102
49179
49213
49232
49309
49323
49343
49473
49479
49643
49742
49830
