63
189
206
262
310
344
474
616
664
1065
1318
1430
1570
1621
1882
2200
2299
2332
2374
2388
2469
2595
2618
2712
2884
2891
2897
3030
3248
3280
3397
3529
3591
3696
3759
4014
4078
4079
4164
4285
4508
4575
4626
4719
4737
4746
4804
4847
5323
5332
5384
5426
5893
5980
5996
6015
6148
6249
6331
6450
6584
6586
6588
6685
6802
6863
6884
6974
7089
7228
7419
7448
7511
7540
7545
7767
7806
7875
7957
8107
8211
8288
8508
8564
8686
8745
8960
9440
9683
9757
9997
10049
10059
10427
10433
10562
10585
10635
10756
10845
10870
10887
10931
11382
11457
11494
11565
11655
11864
11949
11988
12085
12214
12245
12297
12444
12522
12525
12528
12608
12763
12782
12869
12870
12887
13088
13176
13236
13795
13837
13882
14092
14130
14223
14267
14537
14572
14872
14912
14937
14949
15213
15214
15390
15429
15606
15618
15704
15712
15743
15791
15988
16037
16092
16161
16384
16407
16440
16445
16486
16695
16798
16803
16947
17124
17127
17172
17209
17262
17275
17574
17622
17647
18036
18224
18237
18240
18267
18276
18307
18318
18458
18464
18475
18477
18563
18590
18712
18788
18849
18853
18886
18919
19011
19045
19329
19403
19513
19517
19650
19668
19890
19915
20020
20245
20420
20492
20494
20537
20559
20638
20679
21100
21148
21160
21188
21224
21380
21457
21690
21692
21741
21857
21909
21985
22178
22225
22315
22375
22389
22632
22644
22664
23017
23217
23298
23334
23521
23527
23538
23554
23579
23643
23746
23860
23936
24390
24435
24456
24515
24556
24577
24651
24688
24724
24782
24926
25120
25233
25347
25355
25383
25401
25465
25521
25746
25860
25940
26077
26095
26210
26369
26395
26406
26674
26785
26807
26909
26945
26981
27061
27149
27226
27402
27600
27739
27740
28040
28105
28127
28278
28283
28470
28617
28794
28830
28984
29125
29192
29262
29278
29493
29666
29892
29904
29912
30119
30131
30314
30377
30502
30512
30666
30673
30693
30952
30984
31008
31032
31086
31235
31262
31352
31376
31564
31582
31930
32198
32770
32899
32938
33033
33041
33051
33125
33339
33404
33510
33577
33659
33725
33751
33895
34014
34277
34342
34518
34588
34699
34845
35031
35134
35161
35311
35466
35491
35556
35611
35661
35782
35783
35805
35807
35885
36060
36126
36237
36275
36378
36400
36733
36839
36909
36962
36980
36983
37029
37087
37159
37241
37436
37526
37617
37682
37722
37748
37816
37901
38103
38193
38224
38289
38318
38450
38470
38533
38615
38645
38658
38691
38838
38937
38954
39003
39139
39535
39544
39562
39584
39672
39703
39820
39824
40023
40256
40575
40621
40654
40835
40937
41299
41518
41556
41559
41636
41667
41925
41945
41991
42083
42260
42343
42437
42633
42709
42814
42850
42854
42868
43246
43469
43604
43768
43899
43932
44153
44388
44510
44526
44626
44649
44673
45098
45266
45276
45284
45359
45441
45531
45849
45857
45916
46175
46278
46370
46514
46652
46657
46741
46862
46886
47013
47169
47205
47357
47475
47515
47648
47731
47783
47973
48063
48117
48179
48303
48382
48556
48678
48970
49049
49079
49152
49191
49246
49430
49447
49455
49545
49892
49961
