77
90
122
159
190
203
259
267
401
493
614
666
828
860
885
1078
1228
1366
1473
1853
1861
1871
1908
1992
2016
2047
2131
2179
2383
2440
2477
2652
2706
2720
2832
2894
2904
3125
3349
3633
3931
4198
4451
4481
4500
4555
4859
5028
5049
5202
5240
5342
5378
5447
5564
5674
5776
5784
5895
5997
6149
6325
6353
6580
7247
7423
7497
7542
7630
7779
7797
7851
7860
8186
8392
8413
8427
8747
8834
8883
9031
9127
9219
9376
9436
9795
9803
9895
9896
9897
9912
10009
10012
10021
10246
10301
10457
10494
10525
10572
10743
10774
11070
11073
11192
11240
11309
11366
11472
11627
11678
11722
11763
11848
11882
11905
11990
12019
12249
12378
12436
12504
12552
12793
12910
13103
13125
13133
13196
13255
13538
13713
13831
13869
13947
13984
14055
14069
14095
14132
14141
14414
14562
14602
14662
14796
15185
15198
15245
15440
15506
15510
15568
15659
15737
16110
16144
16261
16394
16511
16603
16685
17062
17109
17133
17179
17212
17528
17593
17609
17627
17779
17967
18113
18191
18272
18273
18303
18445
18547
18587
18617
18641
18667
18704
18770
18993
18994
19061
19452
19586
19602
19652
19688
19808
19818
19846
20156
20244
20431
20534
20600
20652
20847
20975
21121
21146
21293
21393
21549
21586
21657
21666
21834
21912
21914
22262
22264
22276
22305
22328
22439
22476
22637
22659
22668
22672
22716
22790
23069
23075
23263
23313
23353
23366
23511
23615
23709
23859
23999
24071
24164
24211
24307
24360
24429
24652
24695
24868
25003
25070
25095
25228
25260
25269
25607
25713
25733
26010
26040
26165
26215
26419
26503
26571
26804
26820
26970
27062
27091
27179
27366
27399
27411
27444
27577
27632
27686
27714
27899
27912
28028
28171
28196
28231
28236
28284
28291
28428
28542
28669
28703
28705
28710
28795
28796
28805
28949
28958
29064
29080
29118
29122
29145
29147
29342
29384
29652
29695
29716
29879
29984
30037
30103
30133
30260
30361
30397
30475
30840
30996
31021
31132
31153
31457
31484
31515
31645
31670
31754
32027
32271
32524
32539
32922
32976
33102
33521
33566
33650
33658
33754
34176
34341
34484
34957
34986
35022
35121
35144
35198
35323
35447
35512
35694
35828
35909
35976
36077
36213
36325
36553
36698
36918
36959
36998
37037
37206
37619
37685
37697
37801
37827
37938
38360
38399
38582
38583
38715
38836
38900
38977
39161
39237
39245
39275
39378
39425
39429
39475
39513
39711
39727
39834
40075
40076
40103
40284
40698
40882
41016
41147
41189
41283
41311
41689
41815
41878
42149
42177
42248
42304
42598
42641
42706
42721
42742
42818
42931
43166
43344
43353
43438
43452
43745
43804
43887
43991
44029
44186
44215
44318
44323
44409
44533
44738
44743
44763
44773
44780
44792
45009
45016
45112
45180
45219
45274
45316
45319
45341
45454
45469
45493
45702
45758
45882
45976
46116
46206
46208
46210
46273
46314
46446
46532
46566
46624
46722
46737
46778
46794
46919
47210
47275
47342
47412
47436
47665
47668
47671
47706
48007
48103
48118
48211
48273
48278
48355
48432
48843
48893
49106
49144
49177
49229
49236
49437
49558
49736
49825
