211
291
500
553
736
741
850
873
909
998
1060
1152
1216
1256
1307
1408
1563
1582
1633
1769
1952
2050
2055
2123
2268
2307
2390
2475
2551
2669
2732
2818
2873
2981
3060
3100
3185
3421
3589
3738
3784
4006
4108
4175
4375
4394
4409
4562
4591
4624
4772
4983
5085
5133
5388
5554
5573
5724
5747
5803
5857
5906
5918
5969
5977
6001
6224
6244
6347
6470
6596
6654
6736
6846
6966
7007
7219
7461
7472
7582
7621
7713
7731
7774
7791
7792
7812
7823
8265
8300
8304
8642
8698
8803
8893
8928
9103
9122
9225
9329
9430
9431
9468
9504
9551
9634
9662
9713
9734
9930
9962
9991
10112
10232
10486
10487
10709
10813
10896
10934
10957
11052
11221
11246
11419
11518
11605
11698
11766
11838
11926
12040
12056
12071
12098
12147
12183
12235
12354
12401
12538
12699
12753
12781
12836
12954
13075
13091
13108
13296
13316
13499
13530
13594
13627
13738
13953
14111
14121
14336
14360
14768
14791
14812
14889
14932
14948
14982
15126
15307
15389
15507
15512
15582
15602
15782
15825
15880
15962
16085
16320
16349
16375
16483
16921
17022
17100
17184
17358
17443
17585
17636
17667
17724
17789
17864
17927
17961
18063
18159
18205
18245
18338
18386
18390
18421
18431
18463
18466
18519
18551
18604
18685
18781
18918
19022
19158
19226
19253
19302
19364
19366
19420
19516
19598
19802
19833
20007
20111
20250
20326
20390
20523
20637
20639
20656
20661
20749
20771
20836
20837
20857
20908
21141
21226
21270
21420
21555
21644
21702
21807
21843
21866
22068
22313
22570
22575
22973
23026
23029
23039
23068
23116
23128
23239
23316
23824
23925
23971
24131
24133
24527
24555
24615
24757
24812
24822
24871
25096
25203
25241
25243
25378
25481
25700
25807
25889
25911
25912
26049
26081
26169
26174
26284
26367
26377
26416
26594
26608
26673
26893
26902
27020
27044
27065
27123
27178
27359
27523
27844
28011
28165
28282
28471
28475
29047
29175
29264
29398
29611
30054
30130
30643
30740
31213
31390
31391
31417
31707
31758
31814
31838
31851
31911
32155
32365
32377
32389
32564
32584
32669
32902
32971
33301
33319
33786
33787
33928
33958
34068
34098
34264
34292
34575
34597
34704
34706
34816
35034
35047
35187
35357
35575
35789
35951
35995
36001
36100
36144
36225
36446
36447
36600
36671
36871
36929
37036
37157
37315
37531
37545
37606
37665
37850
37964
38097
38184
38199
38343
38413
38466
38530
38945
39454
39724
39757
40192
40281
40405
40576
40619
40696
40716
41020
41096
41222
41347
41359
41390
41474
41641
41722
41749
41898
41954
42028
42046
42081
42136
42178
42219
42238
42243
42402
42421
42429
42589
42853
42927
43099
43140
43143
43157
43238
43665
43769
43803
43940
44276
44313
44374
44431
44508
44818
44908
44982
44995
45124
45215
45271
45358
45396
45459
45504
45574
45619
45645
45788
45796
45810
45856
46191
46480
46534
46910
46960
46985
47031
47073
47143
47286
47307
47315
47444
47480
47558
47686
47789
47801
47909
48104
48108
48130
48277
48377
48408
48421
48471
48498
48686
48727
48819
48855
48875
49126
49488
49536
49548
49680
49732
