60
74
214
356
784
835
841
857
881
1024
1071
1675
1681
1878
1886
1953
2015
2022
2059
2137
2274
2318
2415
2505
2651
2756
2886
3180
3210
3271
3455
3466
3475
3504
3509
3596
3610
3806
3902
3920
3985
4102
4118
4229
4288
4330
4758
4967
5143
5170
5223
5465
5518
5572
5603
5822
5928
6014
6080
6098
6246
6275
6285
6345
6527
6555
6636
6789
6827
6985
7211
7677
7818
7859
7883
8036
8049
8104
8205
8743
8788
8801
8859
8961
9134
9143
9156
9197
9297
9307
9415
9643
9652
9678
9740
9894
9965
10005
10187
10425
10465
10506
10803
10873
10903
11010
11140
11162
11191
11245
11563
11568
11582
12063
12207
12339
12418
12593
12626
12629
12823
12835
12841
12858
12969
13013
13083
13153
13210
13243
13323
13336
13366
13376
13607
13747
13769
13833
14113
14164
14303
14327
14331
14339
14457
14508
14586
14638
14818
14988
15014
15161
15231
15266
15277
15280
15368
15458
15515
15552
15557
15626
15763
15907
16019
16090
16169
16192
16209
16245
16274
16292
16354
16395
16453
17102
17194
17391
17451
17494
17516
17816
17838
17929
18194
18221
18274
18535
18611
18648
18756
18767
19019
19104
19130
19273
19413
19485
19545
19764
19891
20070
20084
20171
20384
20508
20663
20782
20819
20838
20938
20961
20989
21037
21085
21375
21513
21606
21682
21761
21836
21898
22040
22087
22228
22306
22468
22506
23255
23256
23333
23384
23568
23583
23779
23876
23912
24152
24229
24399
24421
24431
24558
24751
24767
24857
24886
24925
24941
24960
25152
25165
25209
25477
25601
25772
25775
25847
25939
26003
26103
26189
26267
26288
26336
26583
26728
26779
26798
27344
27352
27450
27535
27537
27723
27732
27785
27803
27828
28130
28427
28566
28688
28810
28995
29015
29101
29226
29292
29335
29379
29536
29829
29871
29913
29941
29981
30117
30152
30256
30269
30332
30457
30689
30902
31117
31120
31599
31632
31740
31784
31855
31867
31934
32061
32086
32178
32214
32380
32402
32424
32492
32739
32742
32854
32983
33097
33183
33215
33223
33283
33779
33871
34065
34124
34140
34243
34257
34314
34405
34496
34539
34592
34594
34600
34628
34722
34791
34924
34946
34983
35228
35377
35484
35573
35754
35913
35932
36033
36034
36048
36087
36162
36328
36365
36456
36638
36795
36848
36849
37010
37125
37215
37326
37508
37540
37555
37598
37626
37738
37767
37822
37870
38084
38329
38349
38605
38750
38828
38917
38980
39027
39190
39216
39253
39301
39340
39473
39588
39751
39835
40361
40427
40437
40515
40519
40551
40564
40566
40684
40990
41004
41029
41169
41223
41322
41465
41506
41804
41845
41854
41894
41985
42092
42168
42204
42239
42299
42456
42505
42634
42710
42730
42743
42753
42804
42996
43004
43040
43378
43436
43658
43661
43770
43855
43978
43983
43998
44158
44172
44451
44546
44766
44777
44878
45176
45210
45214
45277
45333
45414
45866
46082
46597
46609
46692
46729
46806
46828
47171
47195
47376
47418
47719
47960
47978
48029
48081
48121
48367
48376
48387
48424
48463
48720
48731
48846
48923
48956
49019
49056
49416
49511
49552
49703
49714
49751
49755
49859
49940
