285
319
409
464
542
620
647
706
710
721
766
804
920
926
1092
1213
1233
1352
1386
1411
1441
1479
1510
1735
1755
1858
1974
2107
2345
2375
2418
2517
2783
2856
2857
3160
3263
3592
3755
3805
4039
4124
4151
4178
4247
4313
4340
4402
4553
4594
4662
4836
4896
5187
5188
5215
5302
5575
5716
5960
6371
6400
6422
6424
6462
6563
6583
6641
6756
6785
7054
7201
7203
7308
7349
7353
7389
7481
7529
7667
7720
7798
7887
8273
8351
8538
8618
8634
8661
8724
8748
8785
8833
8968
8978
9180
9366
9379
9413
9454
9471
9571
9597
9666
9690
9719
9755
9810
9849
9984
10084
10145
10191
10220
10257
10319
10692
11119
11181
11428
11852
11902
12187
12377
12719
12788
12814
12997
13199
13200
13232
13254
13304
13317
13463
13466
13519
13841
13876
14028
14402
14530
14555
14617
14788
14794
14917
15035
15049
15053
15124
15295
15348
15354
15392
15607
15970
16020
16058
16103
16256
16307
16480
16528
16708
16721
16730
16768
16919
16950
16967
17187
17205
17429
17502
17589
17750
17759
17824
17924
18411
18575
18754
18844
18916
19317
19347
19355
19465
19473
19520
19531
19575
19609
19640
19670
19741
19751
19922
19991
20083
20307
20469
20589
20621
20759
20808
20953
20966
21264
21530
21540
21564
21585
21603
21641
21789
21883
21922
22119
22430
22440
22473
22559
22563
22626
22883
22904
23018
23087
23252
23266
23307
23315
23367
23515
23743
23773
23814
23837
23905
23944
24055
24146
24392
24432
24786
24895
24911
25020
25042
25055
25066
25180
25250
25267
25412
25488
25614
25752
25754
25783
26062
26187
26207
26316
26362
26717
27089
27628
27807
28377
28448
28491
28552
28557
28594
28646
28729
28834
28867
29133
29242
29268
29446
29576
29676
29726
29778
29889
29948
30075
30100
30534
30595
30609
30682
30698
30734
31011
31208
31369
31621
31627
31669
31744
31839
31887
31979
32314
32332
32538
32588
32636
32675
32707
32879
32903
32913
32986
33045
33213
33496
33549
33561
33624
33666
33701
33740
33815
33951
34312
34382
34480
34508
34531
34542
34557
34710
34788
34927
35087
35220
35306
35363
35520
35545
35597
35667
36044
36155
36166
36465
36524
36604
36822
36883
36919
37132
37170
37264
37310
37325
37386
37392
37480
37793
38036
38136
38401
38406
38419
38433
38460
38568
38764
38847
38986
38989
39008
39023
39051
39122
39125
39328
39573
39663
39687
39796
39865
39870
40024
40046
40058
40132
40135
40280
40470
40507
40613
40683
40750
40774
40900
40933
41077
41270
41324
41427
41490
41562
41615
41793
41942
42252
42284
42306
42360
42489
42520
42562
42566
42874
43030
43097
43214
43267
43595
43619
43628
43684
43966
44065
44098
44185
44359
44381
44396
44501
44548
44600
44662
44736
44811
44844
44905
44966
45089
45264
45480
45557
45630
45672
45727
45964
46047
46088
46117
46120
46219
46239
46298
46344
46496
46694
46787
46839
46892
47123
47131
47230
47505
47511
47569
47590
47657
47756
47920
47955
48230
48292
48545
48677
48701
48906
48967
49110
49122
49125
49139
49168
49175
49441
49584
49591
49711
49813
49834
49903
49955
