99
105
730
757
770
892
1030
1151
1188
1204
1207
1224
1262
1488
1797
1800
1829
1893
2040
2064
2136
2142
2725
3411
3588
3663
3687
3703
3775
3824
3901
3986
4126
4144
4205
4252
4257
4354
4397
4400
4715
4822
4854
5015
5045
5055
5141
5266
5781
5813
5843
6121
6334
6405
6442
6466
6491
6590
6627
6631
6732
6769
6906
6963
6964
7309
7395
7489
7589
7708
7737
7983
8256
8311
8410
8615
8697
8778
8786
9488
9515
9717
9815
9888
10371
10387
10409
10466
10471
10560
10649
10663
10670
10734
10748
10832
11099
11146
11499
11556
11589
11596
11680
11904
11977
12026
12096
12099
12110
12224
12275
12310
12357
12400
12516
12640
12731
12776
12925
12948
13042
13111
13122
13233
13448
13751
13950
13959
14042
14292
14568
14651
14657
14773
14802
14848
14881
14927
15285
15647
15840
15844
15889
16000
16077
16139
16359
16408
16419
16424
16488
16596
16641
16666
16669
16712
16797
16818
16851
16896
16916
17204
17254
17273
17283
17355
17380
17498
17547
17575
17719
17819
17958
17979
17984
18070
18157
18268
18317
18352
18573
18629
18927
19033
19116
19285
19291
19352
19727
19795
20095
20218
20401
20515
20554
20630
20705
20929
20940
21008
21285
21389
21402
21451
21471
21680
21937
21954
21996
22048
22061
22113
22114
22211
22384
22386
22483
22557
22730
22741
22845
22977
22985
23160
23224
23241
23460
23497
23520
23523
23613
23935
23980
23982
24002
24331
24339
24408
24450
24475
24539
24576
24762
24783
24975
25093
25109
25292
25452
25470
25523
25556
25642
25781
25885
26218
26226
26612
26639
26694
26725
26810
26904
26905
26908
26918
27050
27085
27117
27315
27324
27504
27554
27564
27566
27623
27641
27675
27722
27832
28018
28297
28438
28597
28604
28605
28723
28782
28886
28921
29068
29069
29109
29497
29581
29613
29679
29772
30056
30286
30427
30499
30525
30747
30874
30897
30990
31100
31114
31170
31441
31494
31633
31865
32354
32379
32523
32569
32642
32695
32753
32790
32804
32850
32851
32862
33055
33545
33550
33556
33613
33752
33825
33849
33949
34121
34232
34353
34365
34513
34639
34656
34661
34734
34843
34989
35059
35101
35110
35126
35143
35203
35277
35379
35432
35553
35559
35627
35734
35786
35899
35989
36016
36357
36430
36572
36674
36779
36948
37119
37123
37289
37319
37328
37384
37405
37430
37552
37796
37996
38010
38127
38263
38310
38324
38328
38410
38430
38561
38566
38574
38606
38617
38630
38720
38763
38842
38870
38898
39261
39295
39470
39927
39963
39976
40226
40240
40301
40333
40339
40490
40520
40528
40531
40678
40766
40801
40864
40897
41103
41130
41146
41552
41595
41834
41870
42035
42068
42098
42140
42468
42503
42540
42612
42654
42662
42843
42943
43326
43366
43370
43380
43387
43494
43507
43547
43772
43965
44161
44420
44452
44564
44569
44650
44951
45075
45081
45159
45178
45231
45257
45355
45481
45513
45751
45899
45910
45996
46028
46092
46193
46253
46541
46678
46720
46799
47044
47219
47265
47323
47365
47543
47562
47581
47722
47762
47922
48139
48452
48519
48738
48835
49021
49073
49113
49347
49709
49761
49811
49958
