240
286
421
427
694
723
786
1138
1161
1176
1287
1746
1779
1817
1907
1984
1991
2471
2626
2654
2691
2696
2865
2944
3096
3187
3267
3300
3528
3536
3621
3637
3668
3720
3798
3803
3908
4157
4206
4359
4931
4950
5058
5108
5136
5147
5175
5243
5411
5612
5627
5763
5837
5839
5881
5942
5981
6134
6190
6265
6354
6408
6529
6637
6665
7195
7223
7268
7397
7411
7422
7509
7572
7899
7950
7977
8013
8090
8203
8277
8357
8600
8665
8892
8932
9039
9149
9427
9578
9627
9663
9954
10031
10130
10242
10298
10325
10362
10399
10535
10615
10658
10735
10751
10848
10952
11291
11298
11343
11395
11592
11733
11815
11834
11870
12091
12379
12452
12466
12655
12664
12685
12809
12810
12900
12937
12975
12979
13144
13171
13185
13203
13214
13306
13321
13329
13496
13536
13819
14025
14298
14299
14301
14452
14496
14652
14740
14856
14998
15015
15336
15722
15725
15779
15785
15795
15895
15928
16053
16406
16602
16607
17223
17287
17651
17782
17848
17997
18285
18290
18334
18365
18481
18504
18976
19064
19213
19445
19537
19762
19772
19841
19942
20010
20252
20313
20378
20524
20536
20649
20671
20964
20981
20998
21049
21089
21193
21253
21373
21714
21777
22187
22478
22614
22842
22900
22962
23064
23158
23165
23227
23501
23785
23834
23978
24022
24097
24202
24313
24334
24353
24508
24525
24534
24569
24585
24621
24649
24661
24726
24907
25057
25063
25181
25254
25382
25819
25846
26059
26273
26515
26522
26619
26644
26667
26670
27002
27010
27128
27155
27218
27235
27236
27299
27521
27525
27555
27567
27663
27991
28213
28331
28334
28335
28353
28541
28716
28765
28777
28801
28819
28910
28952
28971
29151
29219
29250
29416
29418
29451
29534
29621
29766
29786
29916
30047
30168
30201
30345
30495
30503
30851
30967
31037
31109
31336
31344
31347
31561
31730
31874
31926
32008
32018
32033
32257
32325
32361
32649
32936
33026
33048
33060
33069
33284
33287
33357
33485
33583
33592
33767
33772
33843
33845
33916
34191
34241
34252
34423
34625
34715
34775
34878
34913
34915
34926
34996
35023
35032
35179
35183
35201
35365
35404
35486
35532
35534
35595
35821
35880
35893
36005
36018
36022
36054
36139
36173
36576
36655
36686
36769
36884
37026
37107
37194
37210
37429
37658
37720
38082
38255
38400
38403
38427
38472
38523
38666
38685
38777
39012
39026
39174
39186
39277
39323
39505
39749
39773
39787
39808
39903
39918
39938
40043
40047
40139
40220
40283
40392
40595
40645
40661
40746
41062
41358
41515
41744
41850
41856
41875
41913
41936
41944
41990
42155
42297
42401
42506
42532
42604
42665
42770
42876
43019
43023
43038
43195
43222
43496
43520
43536
43545
43567
43685
43860
43951
44060
44089
44108
44289
44296
44299
44462
44490
44566
44668
44698
44713
44762
44944
45007
45070
45203
45318
45324
45604
45608
45728
45834
45869
45980
46081
46129
46145
46223
46376
46647
46705
46950
47089
47182
47271
47612
47724
47742
47784
47791
47819
47911
48124
48222
48325
48526
48614
48616
48838
48850
49052
49162
49173
49198
49206
49239
49293
49296
49326
49359
49597
49822
49849
