9
182
306
369
520
533
577
593
708
729
917
970
1163
1183
1299
1315
1436
1632
1697
1826
1988
2014
2066
2140
2166
2187
2257
2266
2548
2607
3106
3136
3211
3305
3420
3427
3830
3898
3917
3927
3940
3946
3956
4008
4081
4339
4506
4549
4710
4837
4946
5113
5290
5314
5329
5666
5691
5719
5779
5836
6327
6530
6557
6744
7055
7204
7260
7267
7522
7567
7583
7632
7648
7659
7770
8029
8068
8073
8087
8308
8327
8372
8486
8913
8943
9283
9528
9730
9751
9753
9761
9762
9768
9909
10110
10136
10188
10264
10304
10541
10629
10740
10746
10800
11089
11118
11127
11256
11326
11468
11514
11671
11726
11777
11801
11992
12022
12201
12276
12282
12550
12807
12840
12848
12962
12992
13006
13096
13114
13151
13305
13396
13404
13459
13827
13851
13961
14015
14138
14143
14187
14204
14211
14415
14420
14434
14450
14539
14564
14566
14573
14585
14639
14777
14845
15146
15254
15337
15343
15461
15529
15589
15771
15794
15803
15819
15947
16104
16115
16163
16196
16236
16298
16525
16631
16910
17026
17028
17142
17216
17284
17324
17348
17421
17590
17696
18319
18367
18497
18694
18790
18855
19078
19082
19230
19490
19526
19571
19573
19669
19749
19931
20000
20208
20242
20425
20503
20730
20757
20777
21061
21101
21177
21304
21377
21483
21784
21853
21868
21869
22042
22044
22095
22193
22376
22394
22517
22612
22778
22916
23143
23234
23412
23446
23541
23628
23680
23690
23820
23967
23993
24011
24041
24128
24157
24303
24349
24474
24541
24566
24687
24690
24701
24718
24828
24872
25028
25141
25592
25682
25707
25814
26056
26061
26118
26137
26232
26278
26286
26579
26620
26941
27006
27046
27076
27126
27247
27279
27283
27294
27362
27391
27559
27608
27652
27670
27915
27926
28227
28294
28328
28358
28433
28436
28462
28465
28480
28600
28948
29007
29081
29152
29212
29217
29260
29317
29333
29353
29386
29539
29560
29698
29814
29841
30013
30179
30231
30299
30507
30565
30614
30694
30859
30862
31014
31113
31136
31234
31259
31380
31532
31625
31648
31661
31762
31798
31845
31902
31906
31969
32025
32206
32309
32318
32374
32514
32635
32908
32942
32948
33089
33133
33135
33147
33180
33210
33313
33354
33430
33584
33802
33808
33892
33913
34019
34436
35002
35039
35396
35417
35474
35620
35687
35803
35931
35965
35975
36026
36062
36189
36413
36559
36597
36654
36831
36837
36950
37020
37411
37423
37497
37584
37593
38007
38083
38085
38169
38208
38508
38882
39085
39223
39320
39326
39383
39453
39459
39658
39660
39704
39763
39911
39980
40188
40252
40510
40691
40849
41145
41193
41291
41426
41458
41495
41502
41523
41741
41808
41840
42064
42087
42090
42240
42291
42428
42530
42873
42968
43101
43384
43388
43437
43440
43543
43551
43629
43659
43997
44187
44232
44248
44257
44488
44547
44558
44675
44679
44715
44796
45419
45651
45735
45919
45922
46412
46417
46450
46582
46805
46812
47078
47117
47198
47464
47501
47538
47566
47930
47963
48014
48105
48337
48353
48403
48462
48499
48547
48626
48897
48911
48957
49005
49418
49438
49440
49585
49727
49757
49798
49904
