21
24
110
406
517
567
610
687
731
809
849
973
982
1048
1160
1237
1270
1341
1378
1523
1562
1571
1616
1844
1927
1939
2000
2290
2530
2688
2834
2970
2987
3165
3316
3488
3500
3711
3740
3820
3952
3995
4010
4018
4022
4113
4552
4560
4580
4649
4708
4936
5277
5504
5672
5774
5848
6045
6065
6100
6283
6571
6746
6858
6883
6973
7037
7061
7065
7093
7118
7320
7390
7664
7736
7831
7980
8014
8081
8113
8183
8190
8241
8271
8324
8578
8624
8676
8843
8918
8931
9026
9677
9679
9727
9981
10020
10064
10073
10087
10092
10103
10111
10167
10406
10568
10664
10773
10919
10920
10927
11004
11016
11075
11187
11254
11260
11306
11555
11587
11633
11637
11710
11880
12006
12054
12082
12113
12254
12318
12711
12832
12907
13004
13005
13093
13105
13178
13249
13328
13338
13420
13465
13541
13656
13739
13830
13873
14004
14052
14091
14119
14332
14358
14376
14413
14478
14671
14758
14835
14956
15079
15138
15381
15418
15798
15810
15950
15989
16001
16080
16086
16167
16189
16244
16250
16288
16295
16446
16466
16471
16608
16650
16709
16738
16777
17090
17119
17404
17427
17507
17510
17567
17831
17894
17943
18179
18193
18250
18356
18467
18512
18757
18828
18865
18938
18985
19067
19092
19136
19183
19261
19335
19384
19431
19474
19677
19709
19949
20207
20216
20481
20491
20670
20713
20812
20864
21144
21269
21382
21537
21624
21649
21671
22130
22436
22470
22642
22751
22788
22797
22866
22988
23044
23210
23247
23289
23545
23695
24021
24236
24255
24261
24308
24503
24627
24658
25012
25112
25142
25275
25553
25566
25629
25654
25774
25891
25930
26113
26194
26200
26213
26379
26430
26560
26636
26688
26727
26849
26884
26977
27167
27259
27341
27489
27536
27541
27587
27601
27821
27824
27858
27950
27956
28208
28212
28218
28258
28279
28325
28526
28590
28660
28724
28806
28860
28878
29164
29305
29320
29352
29367
29628
29804
29870
29872
29873
29968
30055
30109
30302
30328
30470
30471
30474
30553
30615
30787
30817
30828
30883
30915
31097
31150
31388
31501
31559
31589
31607
31674
31678
31685
31974
32022
32077
32112
32136
32192
32264
32372
32609
32614
32648
32778
33020
33062
33173
33418
33656
33685
33936
34129
34163
34455
34504
34536
34560
34562
34779
34799
34852
34862
34935
34949
35106
35136
35190
35279
35501
35676
35811
35920
36223
36312
36387
36584
36637
36701
36917
36945
36999
37074
37228
37490
37533
37676
37719
37976
37987
38061
38064
38195
38216
38279
38957
38962
38991
39034
39361
39481
39600
39641
39867
39993
40007
40094
40178
40222
40320
40396
40723
40744
40769
40888
40922
40985
41109
41307
41316
41425
41434
41436
41678
41861
41926
41931
41971
42060
42114
42170
42192
42330
42336
42912
43182
43463
43511
43534
43682
43758
43881
43884
44095
44244
44335
44367
44581
44865
44993
45267
45339
45448
45468
45470
45659
45723
45747
45765
45838
45953
46059
46093
46102
46536
46599
46938
47226
47268
47372
47614
47618
47683
47809
47967
48062
48148
48169
48359
48441
48988
49141
49156
49165
49299
49401
49663
49789
49931
49936
49979
