3
37
46
114
181
228
242
254
273
355
367
387
559
563
599
672
722
855
878
900
940
1004
1249
1368
1518
1520
1605
1916
1986
2011
2093
2270
2293
2419
2423
2588
2707
2717
3037
3227
3253
3383
3433
3695
3719
3882
3964
3999
4011
4040
4135
4276
4415
4443
4558
4637
4740
4890
4897
4981
5078
5109
5117
5154
5246
5327
5387
5435
5602
5619
5631
5660
5823
6167
6740
6841
6874
6913
6948
6949
6988
7112
7265
7310
7313
7331
7458
7562
7580
7693
7840
7885
8142
8245
8326
8359
8464
8593
8646
8690
8719
8995
9023
9090
9139
9505
9600
9624
9649
9689
9838
9903
9914
9926
10015
10207
10278
10710
10712
10723
10855
10971
11040
11325
11432
11456
11620
11909
11954
12152
12203
12230
12481
12642
12916
13197
13202
13259
13356
13383
13508
13550
13773
13814
13999
14218
14224
14242
14300
14314
14340
14349
14397
14548
14560
14597
14632
14955
15133
15227
15383
15406
15473
15490
15539
15581
15593
15769
15806
15831
15865
15981
15992
16042
16055
16218
16350
16391
16447
16452
16473
16572
16581
16918
17242
17298
17346
17426
17486
17635
17722
17744
17876
17889
18011
18035
18196
18236
18714
18762
18808
18825
18829
18860
19281
19396
19768
19914
20008
20085
20273
20769
20895
20921
20960
21104
21133
21137
21272
21407
21486
21793
21862
22062
22764
22841
22898
22969
23010
23079
23173
23258
23292
23415
23452
23592
23604
23647
23961
24045
24208
24227
24231
24361
24613
24702
24805
24807
24815
24840
24853
24883
25131
25217
25373
25486
25567
25673
25702
25756
25830
25957
26093
26122
26263
26381
26414
26462
26880
26917
26940
26993
27079
27173
27340
27364
27368
27413
27590
27864
28281
28418
28452
28606
28632
28711
28785
28789
29202
29263
29279
29388
29500
29549
29573
29646
29728
29771
29976
30009
30176
30347
30355
30508
30516
30603
30744
30745
30748
30878
31024
31073
31219
31241
31409
31495
31569
31998
32003
32087
32422
32466
32563
32911
33024
33080
33108
33113
33115
33220
33257
33440
33486
33546
33575
33594
33743
33747
33782
33844
33937
34199
34359
34494
34795
34837
34900
34908
35050
35117
35122
35130
35464
35769
35838
35873
36031
36056
36058
36089
36167
36180
36488
36611
36649
36685
36767
37058
37463
37688
37878
37899
38024
38183
38189
38203
38219
38577
38713
38884
38925
39025
39077
39213
39259
39356
39381
39427
39441
39484
39545
39638
39791
39843
39845
39856
39899
39916
40016
40051
40057
40147
40362
40434
40533
40608
40675
40730
40893
40971
41113
41137
41156
41194
41625
41653
41666
42478
42551
42754
42755
42793
42983
43085
43198
43515
43637
43831
43971
44058
44073
44178
44218
44239
44245
44269
44325
44430
44492
44634
44667
44726
44735
44746
44933
44945
45026
45297
45300
45509
45524
45658
45868
46021
46122
46123
46198
46269
46438
46491
46524
46703
46736
46926
47201
47252
47431
47759
47836
48106
48120
48142
48152
48212
48237
48342
48393
48407
48465
48642
48759
48825
48891
49024
49105
49123
49221
49327
49465
49480
49482
49494
49514
49520
49530
49539
49579
49803
49930
49950
