97
146
301
422
962
1289
1482
1549
1640
1872
1944
1970
2122
2138
2154
2259
2491
2565
2633
2835
2896
2955
2995
3039
3081
3121
3270
3291
3306
3311
3354
3360
3389
3694
3704
3955
3980
4029
4250
4254
4300
4321
4427
4546
4548
4770
4887
4895
4937
4962
4976
5066
5115
5208
5310
5337
5392
5468
5644
5651
5655
5678
5743
5903
5931
5936
6168
6299
6383
6497
6558
6940
7097
7111
7426
7447
7566
7628
7673
7744
7764
7790
7898
7982
8466
8602
8620
8626
8746
8815
8884
8911
8940
9129
9257
9266
9373
9401
9521
9556
9589
9642
9697
9866
10040
10142
10294
10306
10331
10448
10707
10718
10776
10872
10928
11154
11155
11202
11227
11519
11526
11561
11626
11795
11976
12012
12045
12102
12108
12145
12165
12190
12446
12456
12496
12577
12690
12702
12791
12893
12918
13016
13201
13278
13300
13426
13557
13687
13813
13864
14033
14239
14381
14396
14552
14663
14757
14957
15102
15176
15208
15229
15258
15400
15736
15926
16166
16175
16213
16239
16348
16431
16454
16474
16508
16509
16564
16719
16827
16890
16976
17052
17126
17178
17180
17269
17279
17473
17713
17977
18233
18716
18760
18811
18840
18852
18933
18954
19280
19551
19704
19740
19778
19800
19807
20300
20416
20526
20541
20550
20628
20660
20745
20789
20954
21076
21122
21297
21381
21423
21439
21629
21704
21881
21929
21940
22463
22598
22643
22676
22698
22738
22850
23076
23441
23574
23723
23729
23735
23750
23921
23941
23963
24193
24374
24561
24692
24863
25075
25076
25079
25080
25201
25285
25311
25410
25635
25668
25721
26069
26107
26167
26183
26322
26337
26478
26650
26652
26770
26954
27067
27187
27199
27256
27263
27288
27328
27330
27379
27742
27753
27855
27941
27955
28110
28115
28387
28457
28551
28680
28936
28945
29343
29407
29671
29715
29765
29838
29898
30065
30290
30321
30479
30583
30627
30908
31214
31334
31362
31558
31649
31907
32004
32038
32164
32284
32302
32327
32510
32512
32531
32555
32626
32723
32761
32880
32980
33087
33167
33250
33326
33350
33362
33407
33456
33603
33635
33640
33683
33696
33728
33833
33854
33872
33927
34073
34177
34216
34578
34613
34714
34846
34909
34934
35149
35157
35177
35308
35310
35330
35540
35541
35548
35560
35670
35681
35738
35865
35938
36212
36521
36522
36899
36911
37085
37099
37209
37236
37240
37408
37589
37634
37717
38095
38113
38249
38417
38434
38487
38537
38559
38697
38747
39107
39137
39138
39181
39205
39231
39407
39550
39640
39683
39812
39829
39964
40021
40115
40297
40593
40596
40720
40739
40804
40854
40862
41038
41162
41240
41278
41338
41494
41560
41644
41751
41888
42070
42075
42095
42190
42350
42433
43060
43268
43292
43322
43359
43398
43540
43583
43646
43697
43717
43725
43784
43977
44119
44243
44304
44540
44587
44598
44737
44789
44814
44968
45093
45464
45487
45821
45860
45920
45926
46118
46233
46272
46289
46321
46444
46565
46658
46752
46911
46972
47047
47330
47362
47399
47411
47507
47529
47636
47684
47779
48141
48300
48356
48492
48558
48786
49053
49090
49112
49261
49318
49515
49612
49884
49898
49957
