11
131
245
347
349
418
501
704
830
999
1492
1823
1848
2056
2108
2145
2285
2359
2392
2543
2545
2552
2624
2638
2677
2700
2719
2917
2951
2960
3408
3497
3575
3681
4140
4177
4195
4290
4332
4632
4742
4756
4980
5097
5358
5568
5634
5854
5963
6033
6170
6257
6412
6421
6608
6647
6678
6748
6790
6839
6926
7084
7147
7231
7301
7321
7748
7765
7874
8151
8171
8259
8274
8329
8383
8769
9088
9145
9244
9286
9611
10004
10026
10056
10063
10079
10256
10348
10454
10543
10613
10669
10677
10796
10859
10861
11014
11313
11466
11560
11674
11853
11866
12016
12269
12292
12604
12665
12677
13129
13450
13491
13611
13711
14011
14022
14073
14191
14192
14535
14570
14696
14720
14806
14915
14960
15034
15114
15123
15150
15172
15445
15475
15498
15523
15540
15588
15599
15612
15731
15849
15910
15931
15945
15998
16165
16184
16266
16390
16409
16426
16441
16530
16548
16628
16639
16698
16787
16789
16799
17043
17398
17552
17587
17640
17645
17725
17948
18061
18062
18099
18212
18213
18454
18529
18578
18967
19030
19208
19209
19373
19415
19457
19460
19661
19793
19828
20011
20076
20234
20312
20531
20700
20758
20914
21012
21108
21152
21379
21421
21651
21700
21735
21871
21935
22022
22099
22207
22236
22312
22500
22571
22710
22752
22839
23118
23257
23283
23542
23566
23665
23671
23822
24075
24249
24354
24593
24681
24797
24890
24973
24987
24990
25038
25058
25183
25240
25297
25337
25381
25669
25675
25786
25808
25886
26001
26096
26208
26687
26739
26991
27077
27135
27191
27244
27370
27509
27729
27802
27953
27987
28195
28206
28342
28516
28520
28535
28599
28717
28807
28811
28975
29108
29201
29327
29376
29435
29464
29554
29757
29855
29888
29963
29970
30012
30146
30204
30226
30255
30270
30802
30847
30898
30955
30988
31046
31051
31207
31315
31373
31509
31516
31609
31615
31702
31738
31868
31871
32142
32294
32362
32580
32657
32933
33085
33277
33395
33491
33495
33760
33902
33974
34022
34170
34210
34253
34299
34327
34366
34422
34503
34548
34709
34716
34754
34765
34805
34848
34897
34955
35249
35316
35744
35746
35790
35848
35853
35999
36229
36260
36334
36500
36653
36814
37045
37082
37104
37342
37453
37535
37804
37863
38091
38153
38158
38291
38465
38488
38501
38757
38773
38803
39017
39071
39082
39112
39179
39187
39457
39488
39629
39677
39740
39766
39951
39973
40287
40383
40509
40534
40648
40701
41063
41191
41214
41293
41323
41602
41843
41879
41908
42063
42069
42314
42366
42521
42522
42545
42547
42848
42917
42984
43047
43076
43123
43148
43289
43331
43485
43502
43528
43648
43677
43705
43807
43851
43868
43872
44192
44240
44279
44424
44444
44829
44895
44977
45012
45217
45488
45594
45607
45623
45779
46017
46076
46179
46347
46418
46435
46665
46711
46882
46999
47156
47211
47231
47254
47297
47334
47345
47349
47467
47624
47690
47766
47786
47831
47870
47877
47881
47965
47980
48040
48166
48219
48235
48269
48344
48428
48444
48487
48604
48655
48858
48871
49026
49038
49190
49212
49228
49344
49383
49507
49661
49671
49800
49827
49878
49895
49980
