1
155
238
343
453
677
711
793
906
914
930
1316
1323
1480
1535
1834
1845
1904
2141
2446
2464
2622
2727
2730
2799
2880
2881
2912
3171
3225
3250
3304
3396
3410
3577
3774
3782
3788
3800
3921
4017
4149
4168
4322
4699
4707
4856
5319
5559
5585
5758
5847
6037
6112
6253
6291
6328
6393
6752
6951
6994
7098
7193
7329
7418
7651
7704
7724
7727
7897
7914
7994
8239
8244
8504
8521
8556
8829
8937
9195
9362
9442
9444
9684
9726
9813
9901
9994
10139
10146
10355
10372
10442
10496
10682
10781
10840
10965
10999
11130
11212
11350
11422
11444
11480
11498
11664
11688
11749
11842
12032
12033
12035
12047
12048
12136
12323
12392
12917
12958
13063
13072
13104
13126
13256
13308
13427
13568
13759
13820
13877
14307
14544
14599
14605
14704
14744
14923
15060
15084
15187
15303
15645
15740
15765
15811
15839
15968
16044
16129
16313
16368
16450
16655
16727
16739
16748
16843
16882
16884
16902
17123
17664
17745
17774
17837
17906
18030
18326
18582
18678
18684
18736
18772
18870
18884
18991
19066
19276
19333
19794
19847
19874
20097
20116
20166
20293
20407
20443
20471
20651
21153
21217
21288
21301
21520
21558
21867
21911
21993
22016
22354
22377
22411
22414
22621
22687
22691
22744
22814
22917
22955
23004
23340
23423
23427
23494
23544
23563
23569
23767
24016
24054
24122
24163
24168
24214
24325
24440
24485
24626
24666
24773
24961
24998
25235
25305
25333
25339
25444
25579
25778
25927
25952
25977
26156
26458
26682
26780
26854
27082
27094
27292
27321
27338
27377
27472
27887
28250
28313
28502
28592
28731
28788
29002
29096
29171
29256
29294
29309
29597
29796
29862
29880
29943
29986
30207
30211
30267
30304
30608
30766
30779
30786
30901
30977
30980
31016
31023
31126
31155
31285
31420
31421
31523
31566
31577
31680
31686
31711
31805
31812
31858
31955
31963
32012
32036
32079
32295
32440
32506
32535
32699
32796
32905
32910
32920
33349
33371
33379
33724
33780
33855
33896
33935
33938
34053
34102
34492
34545
34674
34703
34821
34987
35092
35275
35480
35506
35610
35614
35621
35726
35806
35894
35910
35936
36061
36116
36146
36208
36226
36573
36662
36709
36712
36750
36765
36815
37102
37413
37462
37525
37600
37601
37652
37686
37695
37832
38027
38046
38131
38294
38521
38539
38695
38797
38831
38985
39177
39195
39256
39294
39593
39630
39643
39690
39860
39878
39905
39921
40308
40358
40514
40530
40913
41008
41173
41255
41287
41327
41340
41419
41496
41526
41585
41777
41805
41859
41864
42021
42175
42198
42259
42411
42537
42692
42694
42718
42830
42890
43015
43105
43124
43128
43168
43190
43318
43368
43521
43774
43795
43863
44082
44116
44321
44407
44561
44653
44695
44731
44889
44948
45032
45156
45196
45562
45697
45737
45840
45904
46019
46026
46053
46077
46109
46156
46158
46395
46463
46527
46663
46793
46921
47094
47200
47401
47416
47471
47487
47863
47941
48024
48249
48304
48322
48396
48436
48438
48458
48597
48632
48672
48728
48763
48811
48877
48880
48905
49063
49085
49160
49194
49254
49370
49400
49409
49528
49641
49722
49756
