125
191
284
394
426
508
715
965
1014
1025
1027
1073
1088
1101
1247
1356
1392
1627
1796
1973
2062
2155
2326
2493
2546
2742
2771
2785
2798
2816
2860
2906
2974
3017
3460
3540
3818
3847
3915
3928
4076
4226
4293
4336
4362
4411
4516
4609
4677
4680
4752
4863
4970
5107
5372
5385
5399
5415
5543
5730
5807
5825
6036
6152
6186
6314
6373
6380
6413
6455
6666
6815
6919
6928
6978
7029
7164
7279
7430
7631
7739
7752
7768
7786
7961
8176
8206
8323
8345
8475
8484
8560
8692
8812
8825
9034
9092
9174
9181
9331
9432
9483
9653
9702
9791
9853
9996
10194
10336
10380
10630
10946
10947
10948
10988
11050
11131
11234
11412
11435
11571
11683
11730
11761
11811
12149
12241
12437
12570
12575
12908
12995
13208
13266
13341
13575
13609
13704
13886
13905
13909
13963
13995
14157
14168
14249
14515
14591
14604
14637
14711
14717
14778
14843
14882
14914
14999
15111
15268
15270
15324
15332
15465
15596
15628
15633
15674
15953
16047
16111
16346
16592
16616
16820
16863
16878
17070
17163
17305
17396
17411
17422
17476
17514
17612
17881
18015
18295
18314
18324
18423
18488
18540
18577
18701
18713
18812
18830
18901
18981
19194
19244
19621
19673
19722
19810
19900
20057
20109
20145
20253
20334
20414
20422
20452
20614
20646
20707
20899
20984
20995
21031
21143
21286
21363
21582
21616
21663
21813
21903
21917
22085
22218
22239
22321
22335
22434
22584
22714
22817
22892
22925
23070
23105
23223
23259
23457
23517
23572
23608
23633
23728
23836
23883
23985
24092
24148
24241
24336
24356
24498
24720
24855
25011
25138
25145
25278
25321
25356
25463
25833
25844
25938
25966
26266
26294
26351
26411
26453
26671
26856
26910
26975
27036
27043
27071
27157
27183
27223
27360
27380
27612
27642
27948
28060
28209
28403
28494
28625
28657
28814
29006
29022
29048
29434
29453
29480
29655
29674
29694
30015
30023
30115
30184
30391
30412
30517
30551
30575
30658
30805
30830
30890
30929
30943
30949
30991
31039
31130
31580
31731
31732
31918
32020
32082
32224
32328
32400
32501
32541
32604
32655
32687
32943
32951
32978
33036
33169
33228
33264
33742
33761
33991
34006
34036
34332
34337
34351
34679
35093
35158
35174
35199
35298
35415
35429
35433
35749
35757
35785
36003
36337
36508
36511
36708
36810
36834
36938
37012
37065
37145
37188
37221
37255
37329
37338
37561
37583
37700
37970
38052
38166
38172
38197
38326
38330
38366
38373
38422
38671
39089
39193
39243
39311
39355
39502
39682
39768
39844
39931
39953
40180
40285
40465
40521
40570
40581
40605
40782
40875
40906
41279
41392
41583
41609
41643
41648
41702
41706
41721
41760
41855
41907
41927
42128
42180
42295
42399
42572
42872
42945
43042
43164
43250
43635
43781
43844
43880
44009
44094
44469
44686
44900
44902
45433
45516
45635
45668
45719
45958
46268
46443
46553
46574
46588
46608
46619
46640
46644
46666
47057
47059
47093
47104
47229
47266
47314
47386
47514
47844
48038
48076
48250
48251
48252
48523
48574
48882
49094
49104
49153
49244
49262
49340
49391
49407
49439
49458
49783
49795
