244
307
328
385
532
889
942
966
1173
1355
1489
1579
1587
1645
1799
1897
1989
2078
2127
2237
2342
2387
2559
2600
3059
3198
3258
3379
3380
3468
3655
3682
3889
3934
4026
4064
4089
4405
4563
4642
4673
4776
4797
4818
4850
4908
4956
4972
5193
5218
5416
5696
5745
5947
6042
6203
6210
6240
6372
6426
6427
6569
6642
6844
7005
7006
7142
7179
7299
7302
7335
7406
7429
7443
7459
7476
7596
7712
7864
7878
7941
8011
8048
8456
8458
8612
8707
8853
9044
9183
9209
9250
9386
9703
9931
10062
10280
10322
10577
10639
10742
10788
10822
10869
10955
11185
11218
11486
11496
11586
11858
12093
12266
12347
12402
12442
12472
12547
12703
12759
12816
12959
13032
13080
13343
13488
13552
13554
13628
13766
13948
14035
14072
14149
14179
14231
14237
14253
14384
14588
14719
14830
15122
15222
15286
15693
15741
15759
15854
16071
16153
16202
16321
16433
16560
16740
16781
17207
17256
17323
17344
17408
17436
17652
17711
17829
17835
17875
17980
18247
18346
18347
18361
18383
18605
18948
19042
19153
19446
19470
19477
19503
19864
19940
20052
20186
20233
20280
20374
20421
20708
20793
21164
21167
21556
21699
21720
21811
21994
22069
22107
22136
22325
22370
22387
22400
22437
22474
22586
22611
22697
22765
22832
22934
23112
23133
23295
23317
23324
23498
23512
23651
23675
23844
23922
24282
24296
24302
24530
24563
24614
24639
24793
24920
24971
25111
25426
25501
25516
25555
25639
25845
26039
26106
26126
26231
26252
26298
26300
26424
26550
26651
26742
26744
27275
27578
27581
27903
27957
27969
28084
28091
28098
28166
28187
28225
28233
28393
28748
28944
29045
29099
29107
29141
29191
29328
29329
29346
29406
29651
29819
29868
29954
30042
30083
30101
30127
30225
30498
30637
30717
30791
30969
31047
31075
31410
31460
31504
31681
31803
32162
32244
32515
32658
32763
32907
32932
33315
33356
33383
33399
33623
33628
33663
33723
33749
33805
34064
34081
34132
34308
34374
34524
34601
34647
34792
35081
35241
35346
35434
35677
35787
36019
36023
36051
36313
36528
36677
36762
36784
36896
36955
36971
36990
37077
37078
37211
37277
37486
37551
37570
37647
37726
37823
37959
38032
38253
38293
38844
39016
39040
39086
39239
39263
39342
39434
39503
39752
39793
39855
39914
39934
39956
39975
40049
40123
40203
40268
40286
40354
40448
40544
40585
40624
40651
40662
40706
40788
40830
40883
40975
40997
41041
41067
41296
41318
41325
41389
41430
41451
41459
41461
41543
41596
41600
41795
41961
42166
42371
42380
42493
42496
42544
42675
42810
42813
42860
42866
43248
43256
43295
43313
43321
43340
43377
43492
43589
43599
43754
44056
44135
44165
44171
44562
44605
44711
44734
44752
44786
44873
44875
45053
45122
45195
45216
45526
45738
45740
45942
45944
45992
46140
46201
46245
46313
46526
46530
46800
46802
46808
46809
46846
46869
47052
47065
47147
47187
47240
47288
47293
47341
47552
47644
47655
47712
47912
47936
47995
48000
48217
48223
48258
48264
48339
48756
48762
48795
48922
48927
48942
49077
49103
49273
49280
49394
49415
49428
49516
49753
49857
