212
217
339
566
693
705
780
810
868
1018
1080
1153
1260
1400
1461
1463
1556
1613
1624
1657
1830
1915
2035
2065
2077
2188
2234
2253
2256
2287
2425
2704
2733
2797
2948
2965
2982
3323
3629
3650
3814
4050
4114
4117
4163
4335
4385
4701
4724
4741
4948
4975
5174
5227
5330
5442
5458
5635
5791
5806
5952
6026
6062
6156
6193
6208
6396
6520
6730
6807
7014
7273
7518
7544
7742
7922
7948
8115
8229
8513
8800
8814
9279
9345
9357
9450
9707
9775
9781
9995
10147
10236
10253
10289
10429
10475
10484
10567
10586
10818
10839
10937
10954
11145
11152
11280
11324
11411
11741
11910
11973
11987
12154
12157
12229
12322
12370
12397
12416
12465
12498
12524
12549
12761
12889
13018
13164
13539
13612
13658
13672
13685
13703
13765
13840
13941
13951
14158
14181
14333
14421
14487
14500
14746
14781
14840
14884
14965
14995
15288
15560
15679
15709
15805
15982
16012
16246
16461
16706
16715
16814
16833
16883
16893
16909
17368
17409
17442
17691
17778
17798
17879
18333
18654
18670
18972
19058
19258
19293
19295
19304
19541
19894
20110
20162
20176
20260
20357
20388
20423
20473
20542
20599
20692
20698
20800
21029
21257
21273
21356
21386
21388
21435
21518
21553
21756
21824
21832
21931
22054
22090
22111
22155
22353
22435
22625
22723
22787
22819
22921
23012
23027
23078
23103
23123
23149
23164
23168
23235
23237
23300
23685
23806
23879
24219
24465
24542
24607
24653
24705
25041
25247
25351
25428
25479
25491
25530
25559
25575
25801
25915
25920
26132
26144
26271
26428
26535
26645
26677
26751
26805
26826
27013
27147
27177
27212
27332
27421
27502
27553
27633
27746
27760
27789
27854
27924
28007
28064
28156
28366
28419
28426
28485
28809
28865
28901
29289
29419
29506
29530
29602
29731
29733
29842
29848
29920
30067
30164
30253
30340
30344
30466
30561
30644
30792
31192
31294
31396
31423
31455
31576
32315
32502
32534
32692
32800
32981
33009
33039
33096
33130
33279
33327
33336
33346
33389
33630
33675
33979
34223
34375
34635
34643
34689
34737
34925
34965
34985
35078
35125
35282
35387
35422
35528
35538
35639
35679
36042
36043
36197
36303
36366
36519
36816
36913
36916
36931
37067
37069
37097
37156
37358
37507
37687
38081
38142
38167
38228
38295
38299
38314
38426
38584
38616
38632
38672
38808
38857
39021
39124
39212
39249
39251
39283
39359
39389
39421
39705
39760
39965
40231
40346
40399
40493
40577
40667
40713
40764
40865
40912
41199
41319
41371
41464
41525
41533
41618
41628
41680
41730
41787
41858
42088
42135
42139
42151
42363
42430
42772
42883
42895
42955
43236
43410
43441
43474
43721
43740
43896
43914
44019
44120
44191
44229
44280
44466
44681
44874
44931
45069
45120
45145
45175
45238
45241
45246
45280
45408
45600
45715
45761
45842
45898
45930
46197
46324
46379
46400
46587
46590
46601
46912
46949
46975
46987
47189
47246
47255
47428
47441
47442
47571
47585
47628
47755
47780
47880
47950
48008
48049
48301
48330
48397
48514
48516
48555
48615
48690
48698
49042
49047
49071
49184
49199
49321
49534
49555
49767
49775
49926
