69
123
128
149
299
414
631
681
752
760
792
874
1020
1057
1059
1072
1094
1310
1367
1426
1427
1875
2024
2143
2209
2252
2350
2379
2397
2407
2496
2702
2708
2869
2930
2950
2985
3010
3061
3102
3119
3138
3209
3355
3384
3573
3732
3790
3825
3844
4059
4130
4238
4318
4447
4573
4650
4652
4727
4802
4817
4882
5022
5082
5272
5297
5437
5665
5732
5765
5907
5933
6179
6295
6443
6603
6662
6719
6934
6955
7044
7157
7176
7495
7756
7794
7879
7993
8017
8196
8198
8289
8337
8497
8664
8669
8738
8866
8895
8977
9046
9417
9478
9565
9664
10155
10292
10566
10593
10598
10821
10876
10899
11105
11201
11352
11377
11550
11718
11788
12000
12144
12223
12462
12519
12652
12701
12716
12739
12932
12961
12991
13245
13246
13410
13870
13937
14020
14117
14255
14688
14754
15038
15047
15158
15240
15272
15315
15346
15365
15409
15426
15448
15483
15760
15773
15813
15838
15848
15894
16141
16523
16653
16757
16906
16933
17048
17245
17405
17478
17619
17749
17768
17843
18014
18054
18106
18438
18645
18752
18804
18885
19027
19178
19243
19255
19290
19292
19337
19374
19484
19754
19877
19970
20106
20146
20150
20213
20224
20259
20264
20385
20395
20427
20428
20464
20633
20645
20949
20991
21041
21057
21329
21665
21739
21851
22037
22071
22093
22135
22348
22404
22432
22603
22777
22903
23196
23348
23462
23513
23631
23754
23848
23854
24206
24381
24693
24716
24891
25167
25248
25419
25456
25515
25518
25624
25626
25651
25985
26054
26119
26368
26610
26769
26891
26894
26919
27081
27106
27141
27351
27441
27643
27692
27735
27872
28080
28185
28214
28505
28560
28626
28831
28832
28840
28859
28963
29010
29025
29061
29179
29528
29750
29794
29850
29919
30034
30053
30126
30129
30160
30163
30240
30390
30518
30519
30540
30638
30722
30763
30854
30970
31087
31218
31245
31269
31422
31498
31517
31591
31909
32166
32280
32340
32369
32479
32493
32682
32732
32764
33017
33081
33424
33444
33484
33535
34120
34250
34320
34363
34472
34581
34626
34676
34858
34874
35118
35162
35189
35266
35297
35467
35479
35499
35533
35664
35689
35881
35888
36015
36025
36342
36483
36529
36546
36798
36804
37017
37166
37223
37383
37417
37443
37683
37739
37812
37819
37860
37939
38133
38457
38556
38767
38890
38892
38951
38969
38994
39062
39165
39199
39324
39374
39485
39508
39680
39689
39772
39792
40073
40078
40239
40257
40277
40352
40416
40459
40485
40560
40970
41115
41254
41286
41363
41365
41619
41671
41697
41825
41921
41933
42233
42372
42391
42484
42523
42751
42887
43020
43029
43066
43073
43170
43503
43519
43819
43919
43937
44041
44055
44057
44103
44174
44358
44428
44545
44630
44656
44717
44868
45085
45116
45133
45144
45201
45584
45599
45812
45954
46029
46099
46244
46248
46283
46606
46646
46676
46679
47036
47081
47088
47153
47235
47243
47348
47433
47472
47563
47586
47602
47670
47682
47685
47718
47827
47873
47876
48005
48060
48159
48162
48743
48753
48782
48898
48908
48925
48992
49029
49147
49302
49417
49422
49432
49564
49618
49766
49812
49840
49992
