202
260
308
382
562
580
795
1106
1195
1198
1511
1664
1696
1705
1778
1784
1804
1837
1879
1895
1899
2009
2051
2192
2352
2668
2729
2858
2902
2925
3072
3112
3613
3725
3821
3878
3891
3998
4020
4031
4382
4621
4747
4750
4861
5019
5164
5180
5229
5335
5390
5417
5480
5487
5661
5802
5853
5921
6223
6313
6471
6707
6817
6878
6901
6923
6975
7066
7258
7440
7465
7474
7614
7733
7802
7854
7877
7891
8100
8335
8636
8681
8720
8955
9095
9192
9242
9243
9321
9580
9773
9964
10134
10227
10320
10367
10701
10858
10878
11042
11054
11139
11267
11364
11384
11654
11679
11684
11833
11884
11903
11911
12037
12074
12114
12324
12363
12467
12503
12605
12616
12617
12762
12852
12956
13008
13017
13113
13261
13469
13524
13634
13714
13956
13969
13978
13980
14001
14048
14087
14116
14256
14263
14366
14428
14499
14642
14946
14975
15134
15620
15670
15946
15987
16187
16332
16339
16587
16627
16717
16964
17456
17606
17767
17910
18026
18029
18033
18124
18198
18227
18277
18297
18300
18527
18548
18725
18739
18763
18931
18974
19072
19074
19076
19186
19216
19819
19852
20058
20257
20274
20389
20415
20458
20468
20509
20511
20709
20891
21014
21056
21174
21199
21617
21817
21948
22121
22125
22171
22388
22417
22572
22662
22665
22705
22754
22766
22800
22838
22897
22984
23021
23185
23209
23451
23678
23774
23970
24014
24074
24149
24511
24578
24648
24679
24733
24759
24918
25014
25061
25129
25207
25220
25222
25402
25496
25853
25861
25947
26051
26125
26310
26483
26718
26960
26987
27042
27156
27331
27334
27394
27432
27478
27595
27627
27661
27687
27771
27810
27863
27959
28097
28215
28392
28398
28575
28641
28642
28769
28816
28950
29239
29307
29625
29629
29693
29798
29817
29905
29938
30024
30093
30122
30134
30140
30200
30289
30359
30376
30511
30742
30812
30919
30942
30983
31106
31151
31268
31300
31383
31505
31542
31575
31638
31647
31691
31842
31873
32137
32270
32496
32596
32688
32906
32941
33042
33073
33194
33218
33251
33304
33361
33503
33625
33637
33811
33878
33889
33952
33977
33986
34266
34272
34551
34814
35048
35171
35326
35509
35587
35590
35801
35883
35886
35921
36119
36249
36345
36533
36627
36747
36830
36858
36874
37015
37080
37163
37187
37214
37287
37431
37487
37530
37557
37559
37758
37788
37797
37913
37926
37934
37960
38011
38155
38198
38345
38437
38518
38575
38684
38781
38793
39118
39297
39442
39624
39700
39783
39801
39825
39828
39974
40001
40101
40200
40338
40511
40643
40800
41030
41095
41119
41266
41309
41335
41385
41391
41473
41550
41632
41669
41725
41746
41812
41867
42024
42059
42080
42084
42302
42490
42518
42808
42839
42852
43003
43072
43228
43473
43505
43644
43744
43993
44051
44070
44102
44202
44346
44607
44740
44899
44911
45205
45363
45372
45445
45522
45543
45815
45968
46050
46441
46672
46707
46874
46946
46971
46974
46991
47251
47261
47390
47421
47437
47443
47462
47521
47559
47621
47725
47741
47847
47937
47959
48224
48437
48538
48579
48645
48670
48779
49012
49117
49211
49547
49601
49608
49707
49862
49976
