104
183
468
473
544
670
749
807
1064
1130
1251
1437
1508
1552
1566
1578
1661
1742
1806
2130
2211
2316
2336
2513
2524
2682
2789
2833
2870
3078
3154
3169
3249
3290
3309
3462
3496
3749
3837
3888
3914
3950
4220
4537
4619
4816
5120
5138
5376
5473
5701
6008
6043
6166
6221
6502
6614
6621
6763
6788
6810
6850
6864
6869
6911
7187
7330
7342
7377
7400
7438
7488
7575
7581
7590
7658
7901
8121
8150
8177
8280
8449
8454
8496
8709
8865
8980
8994
9084
9234
9381
9607
9613
9641
9804
9841
9938
10071
10268
10273
10277
10392
10423
10439
10623
10675
10830
11083
11097
11112
11189
11216
11401
11591
11666
11702
11812
11946
11965
11980
12029
12390
12562
12700
12737
12949
12981
13110
13237
13367
13468
13504
13542
13544
13591
13729
13844
13855
14014
14079
14153
14463
14514
14630
14653
14870
15188
15189
15259
15364
15467
15565
15744
16119
16120
16273
16304
16330
16510
16554
16578
16636
16746
16750
16776
16900
16989
16993
17053
17221
17353
17432
17439
17491
17532
17536
17582
17615
17650
17676
18072
18155
18186
18312
18323
18340
18425
18665
18717
18769
18941
18975
19121
19259
19405
19686
19703
19790
19863
19893
19934
20029
20212
20306
20322
20344
20411
20822
20826
20884
20913
20920
20946
21044
21065
21111
21117
21161
21225
21246
21261
21542
21630
21906
21916
22019
22050
22051
22151
22177
22268
22269
22334
22364
22481
22651
22796
22822
22836
22886
23015
23134
23306
23310
23390
23761
23823
23979
24043
24123
24139
24156
24201
24396
24453
24492
24637
24789
24945
24977
25017
25026
25154
25187
25239
25274
25744
25793
26152
26317
26370
26460
26601
26633
26641
26660
26661
26813
26821
26859
27031
27140
27255
27291
27372
27389
27414
27503
27552
27609
27680
27700
27801
27870
28245
28304
28747
28925
29374
29425
29475
29727
29739
29856
29918
29957
30244
30334
30342
30379
30414
30613
30626
30676
30723
31088
31406
31451
31471
31493
31519
31525
31935
32035
32088
32207
32226
32245
32286
32341
32360
32375
32589
32624
32629
32706
32801
32961
33175
33236
33262
33294
33306
33439
33588
33775
33925
33984
34062
34106
34166
34219
34237
34404
34452
34475
34584
34622
34818
34937
35270
35301
35348
35463
35500
35504
35511
35596
35601
35636
35669
35898
35903
35997
36227
36394
36536
36734
36790
36796
36862
36906
37052
37139
37185
37304
37403
37421
37441
37483
37580
37746
37874
37984
38122
38196
38212
38305
38311
38580
38599
38710
38760
38809
38837
38885
39044
39065
39160
39247
39329
39775
39908
39913
40038
40328
40559
40783
40838
41122
41183
41364
41422
41996
42074
42082
42273
42726
43031
43109
43197
43257
43284
43360
43495
43700
43750
43826
43885
43995
44022
44144
44155
44182
44392
44496
44555
44699
45004
45110
45168
45243
45301
45323
45377
45429
45447
45512
45527
45745
45799
45917
45987
46136
46377
46411
46420
46469
46627
46628
46685
46708
46709
46714
46836
47184
47311
47524
47728
47874
48138
48165
48354
48500
48512
48518
48521
48639
48659
49039
49205
49218
49230
49388
49512
49553
49581
49725
49846
49912
