573
596
699
781
928
1252
1300
1414
1743
1753
1760
1781
1792
1833
1898
1975
2004
2616
2644
2658
2676
2868
2888
2911
2940
2991
3350
3382
3552
3608
3698
3742
3769
3869
3948
4046
4199
4502
4511
4542
4551
4567
4620
4628
4687
4821
4842
4958
4986
5004
5166
5285
5511
5597
5642
5810
5867
5909
6178
6197
6225
6304
6305
6409
6535
6600
6793
6812
6965
6972
7199
7291
7513
7514
7616
7822
7826
7895
7930
8028
8057
8120
8157
8250
8282
8577
8633
8659
8702
8734
8890
8921
8929
9075
9166
9261
9389
9477
9548
9621
9711
9860
9864
10254
10509
10611
10616
10619
10793
11166
11284
11595
11616
11699
11817
12044
12256
12340
12350
12447
12488
12643
12709
12834
12859
12909
12966
12985
13413
13543
13584
13639
13689
13725
13743
13792
13988
14019
14037
14159
14182
14309
14362
14425
14447
14509
14785
14876
14924
14942
15041
15094
15164
15221
15273
15360
15396
15439
15577
15800
15957
15979
16091
16096
16145
16263
16534
16590
16704
16732
16965
17042
17108
17294
17743
17771
17812
17899
18013
18042
18225
18348
18377
18572
18607
18608
18738
18798
18945
19025
19052
19097
19141
19188
19234
19388
19724
19760
19928
19939
19963
20019
20051
20087
20091
20134
20240
20459
20465
20549
20553
20555
20636
20703
20761
20797
20855
21082
21145
21154
21274
21303
21324
21461
21566
21588
21595
21609
21718
21900
21953
21971
22012
22084
22105
22162
22248
22297
22338
22372
22380
22441
22451
22464
22519
22549
22578
22825
23019
23056
23065
23067
23122
23203
23301
23312
23380
23424
23435
23487
23692
23781
23857
23867
23899
23953
23965
24132
24151
24199
24526
24721
24725
24744
24761
24820
25118
25135
25137
25277
25541
25632
25767
25870
25959
25969
26048
26145
26206
26346
26387
26400
26475
26484
26710
26760
26789
27097
27220
27470
27570
27967
27976
28120
28289
28374
28550
28562
28715
28856
28892
29024
29244
29271
29321
29373
29632
29755
29799
29847
29901
30017
30078
30114
30175
30215
30251
30331
30423
30494
30569
31033
31049
31069
31226
31581
31620
31774
32487
32613
32646
32995
33012
33023
33118
33299
33479
33489
33914
33920
34239
34311
34431
34546
34670
34812
34886
34895
35005
35111
35245
35299
35320
35546
35630
35702
35745
35798
35850
35872
36032
36078
36179
36309
36396
36421
36714
36719
36748
36935
37111
37198
37217
37286
37324
37388
37475
37520
37586
37605
37757
37833
38148
38191
38192
38519
38554
38633
38638
38650
38681
38743
38789
38818
39154
39201
39331
39379
39592
39606
39759
39815
39851
39942
40149
40187
40254
40311
40313
40527
40547
40618
40625
40653
40773
40815
40901
40981
41085
41281
41382
41477
41484
41535
41771
41823
41865
41890
41893
41919
42185
42335
43035
43063
43093
43251
43401
43404
43972
44130
44376
44380
44425
44503
44758
45060
45065
45357
45932
45983
46056
46083
46134
46265
46293
46580
46643
46929
46976
47194
47233
47473
47531
47541
47601
47821
47939
48090
48125
48455
48473
48576
48582
48588
48643
48907
48929
49045
49055
49118
49260
49544
49586
49654
49676
49863
49928
49953
49965
49991
