25
39
109
289
350
535
569
571
611
635
754
858
877
979
994
1031
1033
1122
1406
1464
1503
1509
1775
1883
1887
2013
2039
2184
2190
2275
2376
2619
2765
2822
2846
2872
2953
3066
3218
3320
3387
3412
3565
3601
3640
3808
3839
3922
3996
4016
4070
4159
4255
4855
4913
5057
5237
5523
5565
5577
5623
5663
5814
5898
5990
6077
6473
6548
6612
6726
6822
6924
7040
7169
7703
7730
7763
7949
8124
8187
8201
8213
8385
8481
8501
8547
8627
8732
8736
9022
9052
9120
9135
9272
9285
9337
9396
9462
9516
9552
9766
9941
10069
10088
10205
10341
10370
10529
10739
10760
10890
10939
11005
11077
11232
11266
11336
11380
11458
11689
11951
11956
11983
12216
12261
12311
12369
12445
12558
12589
12630
12785
12803
12904
13127
13138
13240
13247
13287
13355
13391
13441
13566
13637
13705
13709
13804
13910
14146
14335
14510
14575
14772
14973
15004
15294
15321
15328
15427
15598
15662
15729
15738
15781
15956
16056
16070
16083
16127
16138
16444
16494
16521
16547
16567
16635
16707
16767
16804
16837
16849
16886
16934
16939
17157
17195
17332
17760
17944
17975
18151
18552
18778
19044
19435
19448
19636
20154
20195
20439
20731
20807
20866
20909
20925
21113
21156
21267
21296
21385
21532
21534
21581
21708
21837
21897
21947
21966
22183
22245
22523
22544
22622
22700
22791
23054
23242
23425
23453
23536
23551
23789
24038
24100
24194
24823
24867
24870
24957
25176
25204
25432
25495
25502
25773
25867
25895
25954
26034
26052
26329
26951
27096
27105
27184
27193
27393
27462
27659
27699
27817
27833
27891
27968
27972
28012
28162
28290
28305
28319
28513
28661
28673
28768
28775
28852
28920
29116
29144
29149
29248
29476
29512
29552
29669
29685
29742
29845
29955
30315
30467
30547
30550
30578
30633
30773
30917
30965
31002
31035
31228
31432
31447
31588
31823
31863
31905
31971
31987
32093
32222
32250
32322
32511
32582
32623
32708
32768
32817
32888
33054
33162
33286
33435
33516
33523
33608
33732
33758
33861
34204
34315
34646
34727
34751
34835
34851
34864
34867
34961
35148
35150
35213
35451
35510
35557
35570
35577
35622
35750
35957
36049
36088
36142
36217
36240
36242
36271
36534
36634
36636
36682
36729
36785
36812
36828
36942
37019
37235
37270
37422
37549
37802
37813
37978
38151
38248
38356
38392
38435
38475
38497
38544
38613
38966
38970
39068
39215
39227
39665
39707
40159
40335
40406
40412
40445
40479
40602
40700
40999
41002
41079
41379
41404
41443
41546
41563
41567
41587
41592
41646
42034
42171
42207
42225
42234
42235
42324
42386
42445
42511
42648
42689
42801
42878
42885
42950
42951
43069
43116
43130
43323
43382
43425
43944
44365
44390
44447
44448
44651
44723
44730
44791
44795
44813
44837
44992
45186
45212
45223
45234
45247
45660
45679
45713
45743
45777
46128
46142
46151
46177
46271
46519
46598
46798
46883
46989
47017
47150
47367
47393
47468
47508
47539
47557
47576
47693
47908
48037
48127
48241
48327
48417
48427
48446
48508
48540
48646
48856
49201
49287
49315
49330
49356
49384
49444
49449
49513
49590
49885
