16
30
130
219
298
575
663
921
964
984
996
1023
1114
1158
1255
1290
1362
1457
1555
1564
1747
1818
2010
2079
2105
2163
2599
2838
2852
2973
3053
3228
3286
3566
3584
3597
3616
3653
3954
4207
4212
4221
4291
4320
4367
4437
4448
4600
4690
4838
4900
4911
4921
5001
5033
5152
5213
5352
5375
5386
5566
5588
5640
5757
5759
5830
5866
5886
6070
6092
6222
6293
6330
6386
6519
6540
6701
6832
6903
7101
7105
7119
7120
7137
7161
7229
7255
7286
7362
7517
7699
7715
7946
8153
8191
8222
8355
8408
8509
8545
8674
8715
8744
8780
8933
9006
9066
9074
9094
9101
9132
9230
9317
9356
9439
9518
9534
9572
9614
9615
9650
9657
9827
9972
10098
10468
10477
10504
10523
10762
10794
10798
10951
11106
11229
11381
11383
11388
11451
11617
11653
11717
11751
11789
11819
11955
12023
12188
12231
12296
12767
12964
13089
13295
13298
13327
13482
13582
13684
13692
13716
13772
13809
13879
14027
14067
14254
14312
14369
14485
14551
14783
14786
15036
15108
15177
15267
15361
15385
15444
15600
15641
15733
15756
15867
16015
16185
16271
16285
16402
16416
16448
16479
16565
16568
16606
16660
16800
16839
17049
17125
17250
17257
17310
17373
17379
17471
17481
17517
17540
17730
17971
18164
18232
18322
18327
18556
18664
18671
18794
18796
18831
18951
19021
19152
19154
19511
19518
19628
19675
19925
19933
19941
19958
20397
20548
20580
20733
20982
21945
21956
21959
22005
22028
22116
22173
22237
22303
22304
22403
22516
22535
22661
22748
22793
22811
22852
22862
22948
22967
23335
23351
23603
23616
23669
23715
23763
23888
23986
24411
24467
24501
24570
24655
24723
25035
25326
25509
25568
25640
26060
26108
26114
26173
26185
26216
26228
26371
26468
26487
26529
26549
26635
26648
26948
26971
27008
27134
27198
27219
27233
27274
27301
27306
27326
27345
27375
27425
27526
27691
27747
27808
28014
28067
28311
28500
28530
28559
28698
29044
29185
29351
29430
29550
29923
29966
29988
30526
30584
30971
31026
31105
31181
31209
31230
31381
31476
31528
31654
31779
31882
31889
32023
32143
32183
32320
32321
32392
32551
32573
32713
32842
32849
32999
33025
33075
33078
33226
33385
33388
33544
33548
33609
33858
33948
34172
34346
34354
34391
34413
34500
34563
34644
34717
34719
34794
34882
34945
35094
35210
35211
35212
35238
35252
35368
35552
35617
35695
35813
35817
36188
36269
36286
36493
36512
36744
36996
37024
37081
37439
37469
37517
37539
37560
37594
37733
37814
37912
37918
37958
38017
38126
38229
38391
38915
39117
39157
39276
39380
39445
39632
39754
39967
40041
40081
40156
40189
40248
40455
40537
40561
40686
40951
41343
41548
41735
42056
42107
42154
42315
42499
42539
42570
42613
42768
42856
42892
43033
43052
43316
43343
43412
43422
43434
43464
43468
43550
43559
43573
43688
43847
44423
44543
44666
44709
45233
45449
45461
45489
45605
45638
45673
45676
45692
45769
46106
46157
46161
46186
46203
46389
46570
46899
46922
47175
47344
47469
47510
47519
47567
47792
48045
48198
48553
49151
49172
49192
49485
49578
49962
