53
220
398
433
660
761
1039
1165
1319
1375
1551
1752
1812
1876
1962
2172
2249
2647
2921
2964
3132
3194
3226
3371
3593
3752
4045
4231
4327
4355
4404
4425
4477
4783
4795
4907
4960
4968
5007
5047
5140
5157
5209
5259
5614
5670
5671
5683
5864
5883
6069
6506
6602
6613
6691
6872
6933
6945
6962
7100
7106
7246
7555
7868
7971
7998
8042
8111
8204
8307
8313
8374
8540
8542
8576
8590
8714
8837
8898
8925
9016
9097
9109
9125
9131
9138
9178
9202
9397
9531
9547
9575
9667
9805
9890
9920
9933
9993
10119
10212
10226
10846
10860
11067
11269
11274
11333
11396
11601
11686
11705
11776
12031
12222
12274
12356
12405
12508
12680
12691
12693
12849
12878
12993
13145
13275
13385
13400
13462
13632
13668
13698
13736
13754
13777
13866
14003
14040
14188
14442
14521
14587
14612
14790
14991
15112
15199
15244
15464
15525
15658
15755
15786
15985
15993
16048
16249
16270
16369
16470
16501
16533
16619
17080
17153
17168
17203
17218
17401
17756
17845
17867
17970
17981
18045
18139
18184
18408
18465
18571
18733
18968
19031
19055
19079
19148
19328
19362
19456
19536
19538
19600
19603
19626
19804
19838
19856
20347
20505
20582
20643
20680
20702
20717
20726
20831
21040
21051
21299
21323
21325
21447
21560
21840
21936
21977
22196
22423
22462
22513
22871
22911
22930
23055
23194
23279
23303
23357
23403
23495
23769
24119
24185
24243
24290
24419
24464
24504
24989
25184
25192
25340
25404
25420
25471
25570
25725
26186
26302
26354
26470
26554
26567
26617
26678
26685
26747
26881
27011
27026
27080
27197
27230
27333
27408
27495
27650
27765
27909
28137
28458
28501
28522
28547
28759
28826
28874
29038
29221
29344
29486
29557
29601
30001
30139
30224
30367
30369
30542
30718
30833
31079
31085
31149
31188
31191
31242
31302
31349
31463
31474
31520
31531
31565
31573
31699
31703
31777
31981
32024
32145
32292
32310
32460
32516
32581
32659
32882
32890
32958
33018
33311
33363
33469
33547
33710
33879
33884
33966
34038
34059
34149
34179
34180
34293
34491
34604
34657
34658
34712
34890
34904
35043
35057
35083
35182
35341
35354
35410
35465
35537
35604
35672
35684
35743
35922
36101
36120
36125
36258
36408
36425
36431
36495
36594
36658
36678
36756
36951
36970
37449
37515
37518
37607
37666
37766
37865
37927
37931
38000
38269
38353
38621
38863
38983
39011
39240
39336
39391
39556
39572
39616
39657
39771
39886
39887
39917
39925
40030
40119
40555
40610
40703
40717
40731
40821
40902
40938
40982
41026
41059
41168
41201
41232
41258
41271
41376
41478
41509
41539
41610
41724
41948
42016
42203
42211
42318
42447
42510
42590
42658
42832
42967
43089
43180
43332
43582
43760
43924
43958
43980
44039
44690
44810
44832
44906
45087
45097
45128
45150
45155
45193
45207
45242
45314
45332
45378
45790
46018
46199
46356
46402
46460
46470
46716
46742
46763
46780
46807
46945
47128
47174
47217
47223
47294
47368
47382
47551
47579
47729
47828
48002
48168
48256
48338
48470
48524
48599
48638
48640
48666
48878
48961
49020
49413
49655
49694
49780
49910
49925
