26
29
81
111
127
129
160
173
326
357
698
794
829
832
936
1058
1107
1123
1373
1376
1417
1459
1531
1537
1554
1682
1704
1716
1774
1810
1820
1928
1937
2134
2151
2159
2180
2286
2305
2528
2533
2550
2685
2694
2763
2809
2837
2845
3018
3150
3188
3215
3220
3260
3264
3472
3583
3893
3968
4009
4134
4137
4189
4446
4535
4665
4866
4996
5017
5044
5137
5423
5436
5441
5876
5879
5917
6185
6251
6350
6366
6528
6599
6633
6866
6879
6894
7132
7257
7380
7449
7477
7535
7605
7644
7783
7916
7927
8127
8314
8414
8438
8441
8457
8465
8567
8571
8730
8869
8905
8972
9042
9194
9273
9282
9353
9416
9474
9606
9646
9722
9806
9898
9922
9992
10113
10418
10576
10987
11000
11047
11049
11190
11217
11339
11484
12057
12325
12388
12451
12769
13311
13440
13456
13590
13657
13835
13847
13893
14009
14193
14271
14577
14718
14736
14852
14868
15372
15622
15892
16206
16308
16312
16397
16404
16496
17145
17249
17266
17317
17453
17871
18024
18080
18199
18214
18354
18417
18435
18505
18510
18724
18753
18765
18999
19012
19065
19107
19241
19318
19439
19458
19481
19694
19811
19867
19883
20056
20219
20255
20320
20721
20796
20814
20867
20912
21006
21035
21107
21170
21417
21517
21539
21703
21786
21918
22082
22300
22350
22374
22567
22708
22749
22798
22855
22874
22931
23156
23192
23338
23365
23473
23811
24026
24217
24251
24304
24404
24496
24502
24550
24844
24983
25019
25280
25362
25440
25474
25533
25709
25753
25855
25958
26083
26084
26148
26390
26434
26556
26582
26597
26611
26625
26643
26735
26803
26806
26855
26934
27049
27246
27285
27677
27733
27756
27815
27856
27879
27971
28009
28041
28043
28082
28199
28489
28582
28674
28849
28887
29052
29199
29214
29372
29523
29551
29760
29860
29974
30197
30209
30308
30513
30515
30531
30548
30590
30606
30714
30777
30841
30869
31078
31261
31295
31367
31500
31618
31708
31797
31832
31836
32059
32096
32279
32457
32467
32898
32925
32926
32953
33143
33172
33211
33219
33438
33579
33868
34409
34476
34495
34549
34652
34675
34735
34785
34995
35131
35175
35380
35535
35568
35861
36035
36104
36233
36455
36609
36647
36726
36925
37114
37117
37131
37154
37239
37420
37597
37690
37856
37867
37916
37935
38038
38088
38232
38302
38317
38320
38378
38384
38432
38436
38471
38549
38609
38696
38728
38850
38894
38959
39119
39220
39254
39289
39317
39338
39343
39670
39678
39764
39846
39880
40089
40172
40310
40325
40395
40452
40668
40711
41154
41292
41480
41621
41769
41783
41786
41837
42025
42148
42257
42394
42452
42507
42514
42565
42577
42744
42840
42915
42922
42940
43028
43080
43274
43327
43348
43427
43449
43698
43917
44078
44105
44366
44394
44603
44633
44965
44983
45061
45101
45134
45139
45275
45467
45556
45657
45677
45750
45768
45802
45914
45957
46137
46299
46300
46382
46422
46473
46562
46577
46704
46715
46759
47076
47116
47122
47777
47856
47866
48015
48137
48280
48314
48364
48596
48627
48790
48934
49017
49033
49306
49559
49599
49622
49715
49788
49819
49941
49989
