62
171
175
366
486
782
824
867
891
1347
1424
1588
1678
1700
1709
2043
2463
2574
2629
2782
2849
2958
2966
3062
3329
3471
3564
3606
3632
3644
3899
3938
4003
4028
4210
4328
4337
4435
4444
4582
4733
4761
4829
4878
4926
5003
5100
5114
5144
5195
5225
5232
5252
5278
5282
5567
5613
5780
5872
6061
6358
6370
6532
6533
6705
6724
6768
6808
6867
7039
7200
7235
7462
7615
7661
7687
7805
7837
7850
7909
7918
7939
7962
7985
8035
8134
8220
8495
8530
8584
8629
8662
8705
8830
8871
9011
9146
9293
9419
9465
9496
9836
9873
9919
9957
10022
10029
10182
10199
10248
10288
10379
10452
10555
10564
10594
10715
10763
10847
10966
11006
11037
11044
11236
11354
11357
11361
11394
11453
11477
11667
11779
11807
11862
12060
12090
12623
12744
13102
13452
13453
13661
13742
13753
13768
13974
13975
14010
14080
14114
14217
14291
14429
14519
14593
14668
15010
15033
15072
15163
15309
15371
15650
15652
15734
15799
15816
15862
15977
15997
16065
16079
16136
16252
16376
16687
17122
17434
17513
17557
17688
17805
17844
17916
17951
17983
17987
17999
18003
18289
18416
18819
18910
19091
19155
19166
19314
19369
19463
19591
19614
19651
19653
19984
20113
20130
20220
20337
20490
20813
20937
20955
21350
21453
21458
21482
21839
21899
21925
22333
22420
22620
22639
22707
22826
22880
22923
23013
23207
23232
23304
23323
23383
23433
23455
23493
23550
23650
23673
23858
23947
24223
24319
24386
24433
24437
24468
24536
24638
24686
24766
24784
24814
24946
25002
25021
25029
25359
25396
25619
25788
25901
25983
26038
26087
26264
26283
26311
26363
26449
26457
26512
26513
26525
26587
26924
27203
27293
27455
27464
27648
27654
27794
27849
27894
27914
27946
28031
28194
28376
28495
28514
28531
28538
28554
28591
28803
28972
28976
29124
29205
29361
29390
29472
29545
29566
29595
29846
29874
29917
29965
30016
30264
30298
30455
30465
30720
30837
31128
31199
31270
31552
31631
31944
32064
32274
32275
32324
32560
32650
32747
32773
32816
32962
32968
32996
33127
33192
33212
33334
33412
33459
33487
33538
33539
33560
33599
33618
33700
33905
33944
33989
34074
34085
34178
34281
34381
34393
34443
34448
34576
34633
34641
34724
34748
34839
35003
35068
35099
35222
35327
35514
35526
35693
35718
35832
36092
36106
36356
36782
36987
37279
37330
37447
37495
37519
37789
37914
37995
38030
38034
38098
38107
38119
38128
38261
38358
38462
38476
38628
38704
39035
39047
39075
39178
39313
39344
39489
39803
39827
39982
39989
40072
40125
40143
40163
40234
40471
40594
40775
40810
40880
41188
41205
41207
41208
41216
41238
41289
41575
41758
41885
42269
42453
42700
42759
42762
42792
42849
43200
43206
43386
43501
43569
43771
43888
43893
43912
43989
44042
44044
44136
44189
44206
44262
44293
44554
44687
44828
44884
44976
45018
45337
45538
45617
45752
45801
45822
45978
46052
46472
46511
46696
46721
46810
46970
47020
47290
47542
47692
47808
47893
48053
48074
48323
48345
48535
48680
48700
48851
48930
48969
49124
49258
49268
49292
49399
49470
49495
49968
