167
225
246
330
336
456
498
510
607
649
864
907
976
1000
1102
1103
1104
1144
1178
1197
1231
1295
1450
1577
1888
2242
2430
2431
2625
2642
2701
2755
2883
3126
3292
3390
3510
3926
3937
3967
3997
4192
4378
4390
4483
4492
4545
4602
4678
5071
5118
5128
5298
5336
5428
5630
5717
6048
6276
6312
6451
6512
6525
6592
6725
6794
7251
7259
7275
7355
7642
7725
7815
7847
8038
8053
8146
8202
8363
8433
8610
8671
8791
8910
9082
9179
9239
9270
9346
9394
9395
9564
9749
9942
10027
10041
10206
10229
10385
10617
10668
10775
10802
10857
10893
10925
11209
11407
11459
11584
11606
11669
11697
11810
11851
11918
12062
12166
12200
12417
12454
12468
12473
12507
12875
12883
12939
12978
12983
13066
13070
13071
13346
13419
13428
13549
13551
13574
13587
13817
13929
14049
14184
14304
14325
14386
14523
14685
14713
14737
14855
14907
14979
15325
15562
15566
15586
15609
15673
15687
15751
15780
15801
15869
15914
15935
15976
16216
16372
16464
16481
16484
16526
16823
16858
17086
17111
17333
17367
17399
17461
17466
17501
17643
17707
17828
17850
17874
18056
18203
18256
18291
18311
18706
18721
19145
19205
19495
19589
19695
19730
19976
20004
20153
20457
20472
20832
20930
20957
20978
21344
21709
21722
21773
21812
22021
22148
22217
22238
22263
22330
22349
22412
22485
22496
22573
22576
22588
22656
22922
22986
23276
23478
23815
23816
23826
23835
23939
24225
24226
24270
24487
24603
24730
24806
25016
25072
25294
25343
25461
25534
25554
25742
25896
25914
25971
25993
26088
26136
26249
26313
26450
26598
26599
26607
26834
26899
27040
27166
27243
27518
27603
27780
27916
27923
27944
27988
28026
28052
28086
28140
28202
28273
28367
28504
28570
28620
28735
28881
28896
29032
29276
29281
29521
29564
29593
29680
29793
30007
30030
30035
30050
30421
30541
30587
30645
30944
30946
30997
30999
31015
31027
31076
31147
31163
31296
31507
31603
31616
31630
31641
31723
31725
31752
31781
31849
31898
31945
32016
32044
32444
32530
32724
32787
32812
32883
32927
33000
33119
33249
33275
33406
33590
33653
33736
33788
33810
33827
33863
33997
34151
34399
34415
34619
34648
34847
34899
34910
35051
35056
35338
35372
35408
35633
35730
36123
36183
36206
36252
36384
36409
36467
36591
36606
36665
36679
36722
36758
36783
36845
36860
37033
37076
37113
37182
37248
37341
37404
37448
37527
37529
37699
37775
37779
37811
37882
37933
37993
38101
38160
38309
38477
38557
38673
38729
38886
38964
39116
39300
39433
39510
39527
39653
39664
39923
40111
40145
40242
40379
40397
40617
40725
40826
40859
41061
41068
41107
41182
41410
41424
41896
42329
42383
42470
42497
42615
42685
42708
42972
43107
43189
43325
43423
43443
43546
43674
43727
43746
43788
43800
43864
44079
44190
44217
44250
44360
44659
44781
44822
45211
45462
45525
45540
45819
45832
45923
45975
46036
46320
46437
46452
46687
46727
46853
46895
46903
46914
47082
47212
47280
47325
47509
47525
47613
47633
47915
47991
48136
48874
48879
48933
49087
49137
49238
49429
49546
49589
49679
49741
49847
