70
419
511
650
751
768
1056
1112
1344
1358
1547
1561
1756
1815
1825
1890
1972
2084
2101
2243
2279
2487
2678
2804
2814
2903
3279
3404
3418
3539
3546
3634
3642
4033
4161
4227
4310
4371
4391
4433
4499
4604
4732
4808
5036
5072
5201
5235
5334
5395
5448
5620
5785
5924
6044
6384
6623
6660
6672
6801
6956
7019
7021
7332
7359
7538
7565
7861
7921
8005
8027
8080
8165
8195
8226
8272
8320
8430
8485
8502
8574
8756
8774
8964
8981
8986
9002
9117
9315
9350
9367
9506
9639
9671
9688
9732
9744
9943
9961
10295
10313
10441
10545
10591
10600
10602
10651
10678
10691
10749
10945
11055
11231
11338
11414
11549
11636
11773
11845
12038
12128
12204
12443
12546
12896
12951
13035
13086
13140
13160
13205
13629
13683
13810
13888
13920
14277
14285
14315
14364
14407
14445
14714
14850
14874
14899
15211
15235
15497
15613
15694
15710
15715
15857
15887
16097
16207
16347
16412
16423
16543
16683
16811
16846
16912
17050
17113
17198
17512
17515
17526
17573
17580
17583
17649
17826
17955
18154
18219
18492
18616
18699
18710
18926
18983
19056
19117
19168
19223
19324
19606
19662
19710
19769
19798
19837
19996
20077
20436
20574
20706
20922
21308
21401
21429
21544
21640
22015
22630
22645
22869
23096
23269
23359
23553
23831
23865
23868
23972
24017
24029
24076
24118
24269
24476
24494
24742
24788
24796
24851
24874
24894
25006
25102
25121
25171
25216
25226
25389
25454
25460
25480
25529
25644
25665
25695
25787
25824
25831
26057
26133
26259
26297
26524
26543
26547
26679
26706
26952
27021
27057
27112
27136
27224
27252
27261
27329
27435
27453
27736
27827
27829
27882
27890
27938
28033
28087
28253
28303
28383
28598
28761
28917
29203
29251
29265
29531
29568
29656
29705
29877
29991
30232
30317
30356
30399
30504
30558
30736
30753
30794
30912
31054
31157
31176
31468
31635
31696
32113
32130
32220
32326
32595
32734
32776
32900
33010
33030
33171
33217
33401
33437
33621
33901
33906
34094
34162
34164
34230
34387
34474
34554
34651
34752
34778
34842
34854
35029
35042
35084
35098
35167
35246
35292
35349
35401
35452
35527
35699
35706
35727
35776
35837
35860
35878
35966
36136
36190
36219
36262
36276
36370
36507
36544
36692
36725
36846
36876
36900
37009
37263
37275
37300
37479
37493
37503
37511
37536
37637
37750
37762
37859
37903
37937
38004
38102
38129
38186
38398
38510
38522
38550
38579
38651
38655
38741
38742
38755
38769
38823
38895
38918
39048
39091
39238
39281
39298
39299
39393
39509
39608
39725
39928
39932
40179
40495
40688
40697
40868
41052
41056
41069
41329
41398
41693
41917
41984
42043
42201
42271
42364
42443
42502
42542
42705
42806
42960
43000
43082
43106
43192
43209
43243
43664
43681
43696
43797
43910
44033
44054
44169
44208
44514
44522
44567
44912
45001
45092
45198
45371
45395
45824
46000
46068
46107
46152
46176
46322
46355
46857
46891
46993
47034
47079
47269
47350
47611
47664
47813
47830
47838
47900
48046
48153
48370
48385
48481
48483
48511
48559
48641
48689
48773
49076
49202
49216
49276
49297
49462
49490
