13
31
506
522
700
882
1100
1284
1433
1452
1553
1614
1724
1802
1960
1985
2186
2310
2784
2864
3079
3414
3436
3473
3579
3853
3880
3930
4153
4224
4590
4597
4743
4964
5037
5514
5761
5777
5789
5834
5985
6130
6174
6175
6419
6686
6735
6935
7030
7052
7153
7213
7457
7653
7697
7700
7710
7754
7969
7989
8044
8085
8388
8652
9173
9539
9945
10075
10131
10255
10402
10464
10534
10540
10730
10768
10838
10877
10880
11286
11522
11578
11719
11720
11740
11762
11824
11871
11961
12027
12104
12131
12140
12160
12242
12582
12656
12668
12698
12712
12779
12821
12828
12952
13000
13059
13136
13605
13887
14074
14342
14359
14416
14540
14687
14731
14769
14877
14919
14976
15275
15373
15463
15477
15878
15905
15917
15964
15967
16098
16128
16365
16477
16622
16850
16891
16914
16945
16994
17002
17058
17097
17161
17369
17413
17419
17496
17539
17572
17579
17705
17709
17716
17738
17877
18114
18127
18135
18244
18255
18264
18329
18376
18455
18520
18561
18619
18620
18697
18777
18846
18943
18959
19521
19546
19570
19594
19755
19784
20028
20053
20136
20243
20283
20513
20667
20689
20779
20803
20841
20846
20868
20900
20926
20976
20980
21011
21282
21498
21567
21809
21982
22161
22189
22356
22427
22458
22538
22577
22834
22844
22873
22927
22992
23002
23097
23145
23236
23368
23439
23466
23468
23599
23805
23950
23977
24537
24719
24821
24846
24988
25010
25087
25149
25170
25323
25327
25335
25612
25687
25706
25726
25791
26170
26364
26373
26425
26489
26495
26552
26653
26801
26870
26877
26949
26962
27068
27131
27176
27474
27507
27584
27933
28021
28044
28123
28183
28322
28401
28447
28454
28499
28565
28618
28643
28666
28701
28713
28741
28858
28882
28970
29126
29186
29188
29190
29255
29296
29300
29395
29413
29618
29781
29849
29864
29910
30085
30111
30196
30217
30330
30402
30446
30520
30668
31057
31110
31123
31305
31395
31490
31628
31652
31869
31933
32054
32167
32188
32200
32357
32476
32526
32615
32797
32803
32895
33123
33182
33224
33289
33360
33441
33500
33589
33669
33706
33719
33762
33839
33881
33912
33955
33972
33994
34024
34058
34087
34220
34259
34329
34439
34526
34721
34726
34759
34868
34966
35269
35416
35580
35657
35773
35779
35889
35929
35955
35977
36158
36221
36257
36352
36419
36586
36794
36800
37118
37675
37795
37817
37942
37985
37991
38005
38019
38078
38124
38239
38493
38513
38661
38737
39103
39271
39296
39312
39376
39384
39426
39472
39477
39546
39612
39654
39769
39909
39926
39955
39997
40232
40244
40300
40430
40481
40542
40652
40824
40855
40969
41090
41312
41468
41613
41654
41726
41761
41915
42012
42018
42113
42137
42272
42413
42423
42458
42508
42596
42609
42667
42857
43075
43115
43456
43475
43516
43848
43873
43931
44021
44204
44275
44481
44663
44696
44745
44783
44958
45288
45431
45479
46318
46484
46497
46583
46626
46773
46781
46858
46879
47159
47289
47347
47497
47646
47695
47749
47753
47782
47842
47906
47923
47927
48065
48287
48368
48454
48750
48764
48796
48901
48924
48938
49324
49328
49351
49403
49491
49538
49563
49809
49891
