300
321
359
462
526
541
653
823
997
1192
1286
1335
1516
1526
1630
1643
1909
1950
2054
2094
2349
2354
2389
2516
2801
2824
3084
3088
3342
3388
3645
3674
3685
3693
3748
3760
3872
3896
3988
4160
4172
4259
4268
4270
4465
4475
4754
4815
4903
4917
5062
5075
5247
5453
5534
5667
5715
5795
5844
5953
6160
6280
6292
6388
6418
6475
6478
6772
6904
7035
7082
7127
7227
7241
7271
7336
7364
7379
7417
7809
7814
7857
8295
8520
8694
8701
8723
8805
9015
9114
9162
9290
9301
9338
9372
9586
9594
9887
10164
10235
10312
10493
10599
10738
10766
10801
10917
10943
11013
11056
11173
11186
11238
11340
11399
11404
11421
11602
11691
11786
11835
11840
11855
11916
12030
12217
12428
12740
12902
12940
12999
13031
13067
13337
13567
13625
14124
14350
14771
14883
14970
14989
15051
15183
15319
15514
15908
15965
15999
16265
16278
16305
16518
16684
16794
16835
16927
17023
17054
17069
17201
17327
17535
17543
17565
17568
17604
17793
17797
17869
17902
18047
18242
18246
18379
18380
18388
18485
18511
18719
18775
18809
18944
19112
19179
19466
19494
19547
19691
19747
19902
19951
19978
19982
20032
20047
20062
20231
20246
20247
20729
20752
20798
20843
20850
20898
20928
21124
21185
21360
21367
21419
21460
21608
21670
21673
21800
21831
22117
22186
22879
23003
23167
23195
23213
23267
23398
23440
23484
23698
23813
24109
24169
24171
24310
24523
24583
24798
24862
24903
24959
25086
25213
25237
25302
25376
25424
25434
25469
25524
25528
25545
25571
25648
25736
25741
25766
25802
25950
26102
26141
26295
26452
26520
26605
26663
26680
26691
26729
26781
26799
26889
26896
26999
27024
27205
27282
27310
27471
27501
27545
27635
27798
27836
27928
28035
28169
28612
28651
28658
28730
28758
28793
28818
28916
29132
29146
29267
29273
29304
29410
29479
29529
29668
29774
29787
29790
29792
29843
29922
30018
30095
30258
30319
30400
30485
30571
30724
31119
31189
31284
31371
31462
31694
31886
32095
32193
32347
32450
32498
32579
32704
32846
32892
32966
33225
33245
33297
33308
33331
33344
33377
33454
33551
33807
33903
33968
33985
34008
34029
34100
34402
34419
34435
34437
34587
34684
34687
34697
34786
34830
34891
34954
34990
35021
35036
35234
35237
35289
35461
35494
35523
35578
35593
35696
35697
36052
36308
36426
36552
36574
36751
36760
36809
36949
37041
37184
37285
37380
37416
37502
38025
38073
38276
38277
38494
38625
38662
38714
38816
38947
39010
39135
39140
39171
39241
39293
39339
39402
39410
39554
39697
39723
39802
39924
39957
40181
40432
40548
40682
40722
41111
41253
41703
41753
41973
42054
42065
42079
42108
42186
42187
42446
42594
42865
43007
43021
43050
43651
43856
43918
43982
44071
44072
44106
44305
44412
44499
44517
44631
44845
44937
44990
45179
45351
45514
45560
45662
45749
45827
46285
46432
46507
46542
46612
46939
46986
47021
47213
47221
47225
47370
47765
48071
48098
48122
48156
48160
48216
48317
48400
48419
48517
48629
48682
48864
48890
48903
48954
49040
49291
49402
49419
49427
49469
49518
49583
49616
49667
49956
