241
450
674
688
703
1257
1340
1354
1382
1471
1487
1521
1540
1669
1926
1954
1976
2021
2072
2438
2578
2690
2760
2805
3036
3562
3595
3651
3665
3669
3826
3852
4034
4208
4469
4482
4486
4565
4570
4663
4674
4771
4789
4834
4886
5013
5116
5192
5317
5373
5377
5420
5555
5653
5664
6118
6232
6233
6268
6297
6364
6464
6488
6517
6589
6655
6831
6942
7077
7243
7405
7450
7490
7550
7638
7755
7808
7967
8168
8350
8468
8478
8488
8619
8677
9005
9008
9121
9458
9495
9509
9558
9674
9695
9729
9733
9975
10044
10101
10224
10276
10330
10501
10530
10686
10764
10827
11194
11222
11331
11541
11711
11805
11859
11878
11900
11945
11978
12020
12415
12734
12817
13040
13046
13117
13175
13276
13580
13651
13674
13720
14036
14106
14185
14289
14424
14681
14997
15155
15190
15226
15242
15281
15289
15340
15377
15391
15407
15632
15754
15948
16032
16155
16281
16485
16563
16690
16741
16922
17112
17325
17328
17338
17440
17629
17641
17683
17821
17873
17937
17968
18077
18161
18166
18374
18387
18489
18583
18588
18655
18679
18750
18838
18923
18929
18992
19010
19140
19156
19266
19623
19645
19654
19717
19860
19870
19878
19995
20061
20099
20170
20179
20200
20462
20613
20616
20965
21005
21123
21149
21162
21192
21341
21405
21669
21677
21894
21972
21999
22160
22181
22202
22272
22302
22339
22666
22846
22854
22907
22972
23020
23031
23102
23243
23320
23362
23686
24019
24078
24141
24158
24244
24309
24506
24560
24567
24677
24732
24982
24996
25037
25153
25199
25211
25441
25538
25546
25564
25569
25653
26130
26321
26341
26664
26764
27047
27055
27058
27232
27449
27533
27616
28042
28453
28644
28675
29159
29441
29447
29467
29580
29587
29684
29723
29801
29886
29942
30221
30530
30687
30836
30925
31040
31220
31255
31271
31480
31735
31943
31965
31983
32116
32196
32202
32216
32311
32700
32930
32990
33144
33231
33254
33303
33378
33436
33443
33463
33466
33488
33604
33703
33804
33866
33908
33963
34047
34147
34278
34334
34358
34425
34598
34618
34698
34978
35027
35163
35188
35225
35242
35314
35351
35428
35549
35700
35704
35770
35847
35866
35964
36148
36164
36174
36187
36316
36398
36454
36566
36823
37006
37072
37467
37494
37501
37566
37590
37633
37756
37800
38074
38164
38706
38768
38788
38817
38896
38919
39156
39266
39267
39302
39438
39568
39652
39684
39777
40247
40265
40273
40316
40368
40417
40472
40489
40540
40554
40614
40620
40871
41000
41087
41249
41295
41399
41623
41658
41659
41752
41983
42030
42138
42280
42308
42341
42457
42495
42649
42747
42789
42829
43118
43145
43146
43275
43563
43577
43585
43626
43798
43841
43954
44003
44253
44436
44456
44474
44585
44609
44627
44689
44739
44757
45090
45402
45426
45456
45458
45497
45622
45653
45739
45742
45846
45949
46061
46113
46144
46442
46461
46540
46620
46673
46713
46782
46796
46990
47061
47163
47164
47197
47262
47540
47549
47736
47942
47981
48086
48092
48186
48228
48335
48474
48477
48482
48631
48917
48965
49046
49060
49070
49266
49349
49373
49467
49575
49576
49718
49762
49824
49866
