157
184
187
232
236
363
504
640
758
771
863
941
1317
1440
1449
1667
1710
1977
2081
2104
2261
2282
2373
2617
2851
2871
2957
3086
3139
3155
3269
3302
3333
3440
3493
3572
3649
3762
3796
3813
4032
4225
4237
4307
4324
4341
4399
4517
4576
4738
4744
4801
4827
4873
5347
5349
5404
5485
5507
5594
5705
5729
5804
5962
6211
6322
6490
6494
6513
6601
6720
6731
6742
6842
7016
7072
7133
7140
7338
7470
7571
7758
7775
7867
7940
8007
8033
8223
8293
8336
8586
8811
8854
8939
9152
9378
9409
9661
9673
9716
9735
9767
9793
10105
10141
10213
10233
10265
10266
10315
10556
10631
10996
11087
11123
11310
11341
11400
11630
11692
11809
11863
11969
11984
12059
12336
12431
12434
12495
12510
12596
12646
12765
12808
12973
13021
13161
13207
13248
13357
13365
13402
13411
13555
13846
13921
14169
14175
14177
14222
14390
14395
14439
14441
14467
14468
14492
14628
14661
14748
14904
14978
15080
15233
15305
15449
15651
15717
16005
16069
16109
16194
16341
16514
16517
16868
17088
17104
17337
17351
17492
17520
17569
17682
17815
17898
17995
18041
18210
18278
18378
18433
18647
18651
19003
19018
19035
19085
19217
19584
19630
19875
20012
20036
20202
20345
20486
20588
20610
20711
20820
20986
21032
21209
21378
21411
21565
21744
21796
21801
21825
22362
22421
22499
22733
22769
23084
23184
23272
23381
23535
23663
23672
23688
23707
23784
23892
24098
24240
24260
24288
24351
24373
24493
24547
24772
25004
25172
25425
25718
25832
25875
25934
25976
26021
26188
26221
26236
26269
26350
26421
26446
26456
26638
26733
26811
26911
26936
27100
27602
27639
27841
28063
28157
28188
28204
28216
28242
28435
28549
28683
28760
28914
29031
29058
29059
29243
29356
29504
29525
29585
29605
29642
29775
29964
30021
30124
30339
30381
30418
30501
30696
30808
31030
31173
31258
31489
31788
31813
31938
31950
32010
32127
32267
32281
32287
32435
32486
32547
32632
32653
32726
32824
32829
32914
33252
33519
33615
33821
33929
34009
34116
34273
34274
34348
34350
34361
34453
34523
34636
34943
34970
35035
35060
35165
35258
35307
35598
35987
36036
36130
36145
36427
36438
36502
36672
36864
36865
36984
37142
37186
37244
37245
37280
37348
37370
37385
37582
37668
37810
37820
37830
37891
38056
38156
38175
38218
38273
38411
38479
38514
38515
38627
38711
38725
38829
38926
39494
39586
39611
39726
39774
39830
39947
40067
40258
40275
40366
40441
40529
40565
40582
40590
40781
40867
40923
41018
41078
41118
41415
41486
41497
41564
41590
41846
42104
42157
42184
42215
42255
42275
42516
42535
42616
42715
42723
42823
43134
43154
43406
43431
43620
43687
43794
43811
43835
43857
43905
43923
44005
44031
44087
44109
44207
44350
44563
44576
44724
44728
44802
45005
45237
45309
45394
45432
45438
45472
45521
45563
45618
45693
45756
45774
45994
46033
46312
46374
46531
46635
46745
46786
46860
46969
47068
47158
47278
47414
47453
47658
47689
47733
47739
47795
47938
47983
48012
48101
48218
48347
48539
48552
48600
48869
49072
49095
49142
49496
49503
49648
49842
