64
106
253
379
586
646
713
773
986
1002
1091
1098
1126
1209
1265
1528
1608
1813
1846
1911
1958
1994
2273
2289
2315
2381
2442
2476
2605
2635
2645
2796
2820
2882
2926
3070
3195
3313
3403
3686
3781
3785
4007
4191
4266
4272
4325
4363
4438
4445
4484
4496
4730
4763
4778
4839
4909
4945
5018
5151
5160
5508
5856
6032
6041
6132
6220
6444
6446
6447
6800
6845
6848
6984
7042
7045
7177
7233
7324
7393
7410
7525
7560
7627
7635
7952
8006
8091
8237
8305
8334
8390
8460
8507
8543
8793
8857
8998
9072
9080
9232
9267
9355
9368
9411
9669
9829
10006
10039
10297
10393
10401
10437
10521
10522
10573
10792
10843
11198
11270
11279
11389
11527
11656
11663
11690
11752
11769
11796
11921
11938
12132
12133
12301
12307
12475
12540
13023
13324
13370
13379
13395
13460
13492
13664
13761
13958
14032
14245
14529
14622
14908
14936
15091
15168
15524
15545
15870
16025
16081
16082
16106
16108
16143
16284
16300
16645
16670
16786
16796
16859
16931
17094
17143
17319
17345
17349
17364
17400
17545
17658
17669
18007
18222
18302
18403
18491
18672
18687
18695
18859
19248
19334
19438
19507
19770
19876
19938
20157
20205
20299
20360
20445
20619
20742
20776
20784
20794
20848
20951
20979
21060
21090
21095
21110
21119
21186
21189
21437
21499
21531
21655
21685
21855
21891
21992
22008
22041
22045
22058
22128
22318
22592
22755
22802
22853
22941
23107
23401
23534
23596
23720
23843
23910
23964
24008
24030
24317
24385
24491
24712
24777
25005
25056
25060
25103
25234
25354
25398
25577
25674
25701
25829
25856
25888
26338
26402
26436
26464
26565
26575
26614
26734
26791
26797
26841
27307
27356
27619
27646
27690
27843
28029
28055
28083
28177
28434
28804
28876
28885
29011
29055
29546
29863
29906
30097
30098
30261
30364
30484
30521
30964
31059
31196
31458
31485
31614
31820
31903
31948
31982
32062
32256
32430
32434
32533
32557
32786
32904
32970
32984
33094
33216
33340
33384
33494
33533
33557
33678
33746
33842
33846
33851
33891
33911
33943
33959
33969
34117
34138
34235
34298
34321
34373
34377
34383
34488
34747
34829
34853
34857
34959
35200
35304
35331
35381
35470
35709
35766
35810
35833
35925
36138
36182
36605
36780
36869
36885
36891
37714
37715
37776
37782
37803
37855
37950
38043
38051
38147
38210
38443
38445
38481
38698
38751
38806
38813
38910
38993
39141
39456
39553
39580
39613
39633
40025
40224
40229
40685
40757
40895
40925
41022
41131
41284
41378
41462
41514
41544
41708
41937
42105
42393
42436
42534
42640
42929
42974
43002
43046
43119
43271
43278
43312
43362
43553
43560
43580
43836
44134
44138
44154
44193
44270
44336
44385
44418
44484
44827
44866
44971
45047
45050
45079
45105
45342
45405
45421
45471
45726
45773
45795
45872
45902
45943
45956
46159
46165
46166
46327
46371
46568
46725
46841
47003
47028
47168
47176
47234
47260
47279
47379
47425
47629
47680
47834
47907
48047
48176
48309
48312
48321
48374
48525
48532
48830
48859
48909
49101
49217
49240
49264
49267
49316
49363
49580
49621
49632
49791
49934
