51
207
492
507
621
659
799
875
896
950
1077
1504
1758
1836
1900
1930
1935
2167
2182
2183
2185
2343
2441
2479
2749
2759
2779
2979
3042
3049
3364
3395
3446
3487
3501
3580
3600
3859
3906
4167
4196
4218
4287
4303
4428
4441
4864
4871
5012
5191
5309
5315
5464
5497
5626
5628
5668
5723
5733
5742
5754
5831
6052
6140
6263
6361
6420
6559
6652
6684
7000
7138
7294
7306
7328
7347
7357
7478
7528
7534
7559
7666
7674
7787
7871
7947
8026
8079
8105
8109
8442
8450
8528
8535
8589
8670
8758
8794
8798
8858
8963
9028
9047
9054
9288
9295
9316
9340
9365
9603
9658
9821
9847
10014
10400
10520
10581
10717
10836
10956
11039
11078
11101
11128
11204
11282
11300
11505
11558
11577
11754
11802
11897
12672
12899
12930
12988
13142
13340
13372
13483
13561
13585
13737
14120
14655
14730
14766
14846
14871
14920
15045
15101
15290
15316
15413
15434
15443
15452
15705
15714
15827
15841
15846
15906
16290
16374
16468
16675
16780
16853
16930
16949
16988
17013
17081
17117
17211
17296
17418
17601
17673
17684
17718
17897
18060
18066
18168
18473
18499
18640
18700
18856
18949
19024
19087
19122
19229
19235
19377
19479
19496
19530
19733
19947
20074
20418
20424
20527
20573
20872
20933
20983
21023
21196
21260
21294
21319
21410
21444
21652
21769
21882
21907
21989
22149
22266
22267
22273
22471
22562
22593
22682
22727
22808
22868
22912
23081
23119
23504
23540
23594
23607
23620
23622
23644
23691
23830
23924
24025
24040
24094
24247
24441
24460
24507
24672
25409
25493
25548
25593
25613
25625
25643
25683
25803
26078
26082
26195
26293
26358
26566
26753
26759
26839
26845
26898
26943
26950
26980
27146
27206
27373
27439
27463
27539
27582
27786
27878
27966
28167
28200
28221
28533
28540
28545
28637
28863
28895
28933
29257
29287
29381
29477
29643
29654
29703
29764
29803
29812
29961
29973
29998
30116
30154
30338
30588
30640
30899
31006
31072
31231
31461
31619
31662
31760
31789
31811
31859
31904
32092
32110
32161
32255
32276
32445
32518
32600
32616
32661
32683
32757
32954
32977
33152
33214
33317
33449
33542
33645
33688
33757
33860
33869
33932
33945
34016
34226
34275
34583
34623
34650
34700
34701
34820
34876
34881
34931
35100
35207
35312
35332
35443
35458
35488
35539
35642
35688
35916
36291
36322
36486
36683
36873
36904
36982
37220
37335
37340
37459
37613
37639
37674
37765
37875
38140
38250
38357
38363
38369
38608
38674
38826
38944
38981
39063
39136
39176
39290
39345
39636
39719
39837
39840
39869
40042
40169
40350
40389
40424
40436
40487
40702
40845
40948
40980
41076
41080
41160
41179
41366
41420
41476
41540
42009
42058
42124
42244
42246
42593
42777
42925
42961
42966
43142
43270
43334
43690
43816
44069
44139
44181
44242
44372
44410
44483
44722
44850
44858
44984
45302
45345
45376
45383
45450
45685
45748
45880
45897
46149
46164
46167
46445
46567
46850
46902
46932
47092
47135
47502
47587
47649
48116
48150
48184
48203
48283
48611
48652
48732
48774
49203
49278
49366
49411
49560
49565
49577
49684
49786
