75
89
266
407
437
440
838
952
1005
1043
1242
1273
1454
1597
1859
1889
2003
2125
2434
2435
2554
2557
2560
2593
2671
2692
2778
2807
2811
2819
2854
3114
3252
3343
3556
3570
4107
4384
4386
4461
4605
4646
4764
4786
4798
5060
5169
5189
5205
5470
5477
5520
5809
5966
6028
6306
6431
6484
6605
6745
6764
7104
7149
7386
7557
7649
7908
7955
8004
8218
8346
8405
8583
8639
8936
8959
8965
9068
9100
9144
9414
9605
9622
9645
9654
9670
9705
9718
9774
9782
10065
10127
10144
10168
10359
10375
10419
10462
10536
10693
10696
10829
10993
11033
11061
11132
11159
11276
11385
11523
11574
11808
11893
11999
12008
12009
12530
12541
12585
12619
12660
12662
12886
12968
13030
13100
13148
13172
13269
13277
13292
13403
13417
13477
13606
13732
13785
13913
14085
14102
14107
14128
14279
14283
14431
14512
14633
14650
14694
14776
14811
14918
14977
15174
15212
15833
15969
16017
16527
16536
16584
16819
16929
17055
17061
17134
17146
17228
17232
17267
17430
17561
17748
17833
17907
18031
18176
18332
18500
18503
18541
18683
18692
18836
18847
18889
18932
19077
19197
19492
19577
19596
19627
19796
19921
20068
20112
20143
20174
20261
20386
20543
20557
20584
20720
20871
20939
20948
21078
21106
21190
21335
21348
21371
21442
21552
21650
21732
21770
21877
21942
21960
22017
22115
22322
22390
22397
22416
22438
22467
22976
22981
23148
23555
23573
23705
23725
23875
23958
24252
24271
24328
24472
24601
24602
24650
24795
24825
24839
25133
25182
25395
25531
25591
25714
25982
26101
26439
26711
26756
26792
26947
27120
27169
27221
27343
27371
27483
27613
27698
27748
27799
27830
27897
27943
27981
27989
28047
28048
28378
28389
28456
28519
28528
28829
29034
29210
29345
29811
29926
30043
30092
30216
30306
30489
30555
30580
30654
30738
30885
31256
31265
31274
31289
31340
31372
31512
31530
31539
31722
31736
31753
31800
31959
31961
31962
32101
32122
32191
32203
32209
32258
32431
32500
32565
32720
32775
32779
32792
32827
32952
32963
33131
33185
33199
33288
33432
33465
33587
33606
33848
33980
34023
34175
34411
34561
34806
34889
34994
35004
35061
35247
35267
35395
35442
35525
35637
35651
35793
35902
35917
35942
35968
36037
36152
36259
36280
36347
36385
36525
36687
36689
36707
36761
36791
36802
36886
37016
37124
37129
37181
37193
37203
37225
37638
37843
37924
37961
37966
38092
38118
38170
38338
38379
38448
38498
38535
38676
38716
38719
38776
38921
38974
38976
39132
39149
39184
39440
39460
39521
39571
39583
39706
40085
40207
40363
40443
40498
40615
40752
40907
40946
41005
41094
41165
41219
41302
41344
41405
41532
41576
41949
42153
42310
42406
42420
42573
42724
42736
42953
42969
43059
43156
43183
43287
43586
43649
43749
43832
43870
44061
44118
44274
44307
44368
44489
44530
44591
44655
44938
44991
45162
45188
45596
45598
45663
45730
45817
45833
46035
46329
46367
46386
46500
46578
46622
46712
46753
46854
46884
46925
47090
47098
47192
47373
47407
47750
47884
47987
48232
48346
48761
48813
49032
49129
49145
49243
49342
49433
49759
