68
153
391
499
527
662
678
718
778
1041
1055
1239
1285
1388
1538
1584
1598
1631
1771
1782
1795
1940
2092
2170
2231
2281
2340
2519
2526
2579
2583
2810
2839
2901
3094
3235
3240
3356
3545
3710
3910
4143
4296
4533
4790
4949
5194
5216
5228
5253
5396
5398
5432
5434
5599
5770
5790
5972
6282
6296
6539
6624
6628
6640
6703
6821
6837
6861
7167
7170
7215
7360
7425
7473
7491
7593
7759
7769
7873
8010
8143
8163
8268
8348
8384
8693
8790
9055
9085
9170
9190
9467
9533
9823
9832
9910
10366
10410
10551
10626
10719
10814
10862
10865
10875
11025
11165
11177
11184
11226
11353
11423
11536
11621
11639
11828
12015
12072
12197
12212
12278
12487
12553
12594
12620
12730
12851
12953
13061
13165
13226
13570
13610
13712
13787
13839
13843
13856
13874
13943
13955
13966
14498
14693
14695
14853
14891
15032
15050
15052
15066
15181
15228
15441
15469
15481
15494
15502
16125
16191
16259
16275
16451
16493
16566
16632
16652
16743
16747
16855
16926
16960
17200
17259
17293
17454
17530
17559
17563
17566
17655
17695
17698
17703
17728
17963
18038
18187
18362
18806
19172
19478
19527
19642
19682
19711
19771
19858
20088
20232
20289
20314
20432
20476
20510
20585
20604
20768
20952
20987
21211
21252
21305
21370
21408
21480
21526
21527
21583
21589
21697
21757
21984
22112
22296
22532
22683
22933
22940
22950
22953
23032
23090
23125
23132
23151
23181
23356
23400
23408
23508
23684
23741
23799
23880
24093
24594
24632
24841
25049
25194
25270
25281
25307
25329
25357
25590
25620
25662
25699
25747
25823
25834
26015
26032
26256
26315
26442
26482
26590
26690
26692
26815
26925
26953
27039
27196
27239
27286
27357
27499
27513
27775
28024
28075
28093
28337
28338
28357
28379
28629
28727
28763
28781
28815
28871
28959
29158
29181
29200
29290
29431
29489
29532
29637
29709
29745
29748
29890
29979
30271
30375
30604
30623
30751
30756
30800
30848
30858
30875
31012
31435
31594
31719
32071
32098
32289
32474
32664
32668
32691
32806
32808
33013
33141
33232
33343
33355
33447
33478
33515
33737
33830
34084
34276
34313
34390
34459
34577
34645
34807
34823
34887
35108
35192
35233
35253
35259
35319
35362
35398
35472
35478
35569
35632
35717
35737
36457
36691
36702
36775
36963
36965
37134
37183
37456
37470
37484
37513
37704
37760
37761
38047
38146
38306
38348
38362
38805
38941
39146
39260
39265
39268
39325
39385
39439
39659
39919
40077
40086
40097
40198
40216
40262
40330
40413
40513
40638
40767
40768
40953
40955
41088
41262
41505
41711
41723
41738
41788
41821
41932
42141
42200
42220
42258
42434
42442
42469
42673
42764
42787
42893
42910
43133
43579
43791
43837
43902
44127
44487
44571
44619
44683
44812
44954
45249
45258
45312
45344
45620
45634
45681
45754
45785
45870
45895
46086
46211
46334
46338
46516
46544
46693
46906
47137
47144
47177
47249
47378
47450
47595
47634
47669
47901
47928
47985
48078
48091
48181
48257
48296
48331
48343
48388
48445
48587
48693
48733
48775
48822
48999
49006
49159
49381
49398
49519
49551
49851
49853
49948
