20
148
194
536
561
581
665
690
728
774
883
1075
1096
1220
1240
1274
1453
1514
1575
1583
1751
2153
2432
2484
2721
2914
2934
2942
3035
3419
3445
3449
3502
3635
3697
3873
3939
4315
4396
4653
4942
4973
5067
5391
5413
5544
5736
6060
6463
6518
6750
6774
6814
6885
7063
7116
7416
7431
7496
7652
7656
7906
8069
8194
8344
8407
8423
8451
8523
8525
8534
8548
8708
8728
8782
8795
8823
8908
9071
9191
9494
9763
9770
9856
10045
10302
10310
10415
10451
10553
10622
10853
10863
10908
11008
11017
11220
11478
11489
11528
11713
11790
11830
11865
11872
11953
12106
12155
12352
12464
12606
12706
12732
12806
12867
12906
12977
12987
13058
13168
13184
13418
13511
13556
13734
13824
14062
14115
14154
14324
14636
14702
14703
14745
14798
14913
15061
15157
15219
15261
15459
15783
15829
15871
16067
16116
16149
16195
16234
16306
16403
16459
16664
16825
16904
17006
17024
17185
17280
17854
18130
18204
18260
18271
18452
18517
18528
18565
18591
18759
18826
18946
19176
19350
19393
19499
19690
19693
19748
19788
19797
20027
20204
20248
20463
20516
20538
20568
20611
20612
20691
20863
20911
20931
20936
21158
21250
21759
21763
21818
21838
21850
22301
22501
22690
23086
23146
23308
23445
23499
23617
23630
23736
23788
23791
23872
23956
24047
24095
24203
24372
24548
24574
24616
24924
24930
25169
25193
25336
25407
25433
25435
25517
25520
25580
25676
25858
25876
25880
25900
25988
26027
26178
26330
26374
26445
26507
26737
26836
26964
27144
27158
27192
27448
27547
27645
27679
27694
27725
28008
28015
28050
28072
28143
28190
28264
28307
28511
28742
28786
28800
28817
28842
28990
28997
29053
29082
29083
29150
29235
29288
29340
29484
29498
29574
29609
29673
29688
29707
29770
29983
30060
30186
30616
30619
30765
30825
30832
30906
30926
30995
31022
31108
31112
31290
31297
31487
31496
31499
31828
31884
32013
32050
32118
32168
32335
32342
32353
32411
32451
32463
32470
32482
32765
32881
32985
33044
33369
33396
33473
33498
33554
33644
33730
34091
34167
34174
34188
34280
34316
34432
34593
34668
34694
34869
35020
35037
35053
35195
35255
35313
35582
35980
36029
36047
36079
36154
36298
36505
36513
36630
36749
36976
37051
37337
37488
37558
37602
37616
37703
37845
37892
38096
38112
38354
38532
38587
38677
38679
38879
38975
39050
39088
39106
39269
39286
39363
39403
39417
39506
39519
39635
39676
39709
39876
40032
40148
40154
40293
40407
40453
40649
40748
40791
40916
41099
41220
41445
41639
41830
41979
42179
42199
42216
42251
42334
42351
42491
42527
42581
42582
42646
42664
42769
42864
43150
43303
43414
43843
44013
44179
44329
44479
44615
44703
44924
44969
44973
44978
45040
45136
45252
45295
45602
45712
45798
45851
45905
45969
46012
46079
46237
46256
46413
46430
46440
46482
46537
46613
46730
46774
46776
46792
46865
47040
47056
47070
47086
47413
47578
47617
47758
47822
47823
47916
47943
48155
48178
48225
48279
48328
48493
48561
48602
48812
48979
49061
49100
49136
49178
49285
49335
49386
49463
49523
49596
49637
49692
49793
49850
