41
185
213
447
552
556
642
695
817
846
893
1050
1187
1202
1222
1250
1381
1443
1617
1998
2226
2291
2384
2540
2663
3021
3073
3098
3242
3243
3276
3443
3511
3571
3664
3721
3767
3823
3981
4067
4069
4071
4139
4174
4468
4479
4566
4608
4749
4933
5074
5130
5271
5421
5951
6086
6235
6309
6474
6508
6537
6760
6791
6804
6859
6920
7003
7192
7197
7254
7407
7620
7695
7747
7852
8233
8248
8369
8680
8783
8912
8916
9150
9327
9469
9570
9772
9794
9974
10157
10918
10944
10949
11170
11230
11330
11346
11370
11545
11598
11816
11839
12287
12557
12749
12833
12884
12914
12915
13041
13099
13124
13190
13241
13464
13527
13602
13678
13776
13812
13896
13973
13981
14044
14112
14156
14226
14311
14456
14542
14590
14601
14921
15433
15485
15570
15660
15707
15790
15817
15856
15912
16133
16152
16159
16254
16764
16959
16982
17186
17189
17303
17316
17395
17675
17732
17814
17893
17934
17957
18043
18057
18122
18158
18394
18395
18415
18451
18596
18615
18732
18779
18818
19126
19232
19300
19345
19386
19423
19447
19487
19616
19699
19742
19786
19831
20172
20408
20570
20615
20668
20732
20962
20994
21039
21079
21201
21315
21414
21433
21554
21605
21678
21933
22072
22157
22194
22271
22291
22311
22352
22422
22631
22635
22655
22680
22771
22980
23129
23201
23244
23262
23395
23428
23576
23662
23708
23804
23832
23923
24069
24070
24091
24137
24159
24281
24407
24522
24579
24643
24659
24699
24836
24939
24944
25089
25282
25316
25341
25599
25652
25877
26071
26162
26212
26244
26258
26383
26391
26758
26914
26995
27151
27207
27318
27346
27446
27468
27469
27482
27683
27769
27893
28149
28174
28415
28569
28596
28638
28708
28850
29442
29459
29543
29678
29758
30019
30087
30210
30273
30292
30348
30688
30750
30880
30998
31056
31063
31102
31203
31279
31428
31488
31724
32058
32091
32160
32179
32223
32346
32452
32572
32627
32863
32924
33006
33352
33431
33612
33646
33695
33820
33887
34048
34202
34240
34396
34521
34570
34572
34672
34711
34733
34770
34834
35049
35243
35283
35383
35423
35505
35643
35650
35720
35740
35890
35952
35953
35984
35992
35996
36012
36153
36277
36390
36460
36473
36598
36610
36673
36777
36833
36850
36852
36895
36923
37039
37050
37192
37592
37624
37669
37743
37787
37840
38002
38057
38120
38178
38260
38274
38352
38792
38824
39067
39094
39128
39163
39182
39322
39468
39566
39648
39674
40060
40062
40118
40146
40182
40214
40236
40317
40400
40478
40709
40728
40911
40942
41013
41025
41028
41202
41380
41384
41411
41429
41438
41460
41581
41696
41700
41807
41950
42120
42415
42416
42464
42465
42601
42678
43079
43088
43500
43581
43614
43733
43751
43766
43941
44084
44226
44338
44348
44377
44422
44502
44620
44660
44803
44841
44981
45121
45564
45590
45863
45948
45991
46150
46364
46373
46410
46572
46593
46648
46680
46864
46928
46994
47050
47099
47285
47434
47639
47891
48033
48201
48202
48270
48281
48288
48362
48453
48780
48784
48793
48892
48915
49149
49183
49227
49233
49364
49371
49435
49570
49595
49787
49848
49870
49984
