65
92
142
455
597
745
879
1003
1067
1109
1266
1303
1455
1648
1689
1693
1757
1798
1852
1870
1873
2073
2088
2201
2229
2404
2570
2585
2689
2776
2827
2954
2999
3012
3131
3137
3147
3345
3351
3456
3465
3517
3877
3973
4099
4203
4331
4366
4429
4487
4489
4515
4568
4773
4934
5185
5196
5224
5226
5350
5406
5582
5584
5650
5965
6058
6216
6406
6727
6825
6912
6969
7041
7113
7124
7158
7216
7218
7252
7283
7388
7403
7636
7816
7990
8175
8371
8393
8490
8500
8613
8770
8838
8855
9160
9222
9255
9299
9473
9475
9486
9538
9655
9758
10023
10080
10115
10356
10391
10445
10552
10633
10681
10815
11018
11271
11508
11583
11638
11732
11912
11937
11986
11998
12107
12279
12359
12394
12478
12537
13027
13055
13107
13156
13173
13289
13294
13310
13407
13414
13509
13571
13577
13641
13659
13675
13691
13774
13862
13918
13967
14173
14294
14469
14556
14569
14797
14993
15201
15283
15362
15450
15454
15457
15642
15702
15757
15883
15938
16036
16524
16595
16599
16723
16913
16956
17005
17219
17775
17851
17870
18022
18145
18360
18371
18372
18483
18625
18634
18791
19059
19124
19143
19375
19410
19515
19766
19917
20015
20069
20139
20351
20375
20477
20512
20533
20765
20888
21140
21191
21268
21277
21312
21369
21591
21765
21874
21964
22047
22163
22257
22558
22590
22712
22864
23089
23186
23218
23578
23588
23683
23714
23795
23869
24000
24005
24101
24142
24220
24258
24333
24335
24346
24430
24557
24700
24706
24710
24824
24842
24913
25025
25065
25390
25400
25405
25565
25605
25745
25854
26009
26161
26190
26287
26380
26480
26657
26672
27000
27168
27228
27382
27438
27456
27490
27519
27565
27592
27629
28354
28429
28469
28503
28558
28580
28671
28697
28737
28923
29072
29100
29177
29228
29325
29443
29482
29541
29563
29607
29718
29761
29894
30040
30166
30167
30438
30459
30620
30697
30743
30793
30829
30974
31045
31064
31089
31374
31640
32056
32459
32475
32532
32679
32973
33176
33310
33372
33417
33483
33661
33692
33720
33745
33831
33904
33962
34211
34271
34306
34599
34602
34610
34642
34662
34669
34692
34763
34782
34967
35124
35224
35286
35300
35344
35345
35360
35438
35449
35495
35563
35612
35721
35852
36050
36480
36527
36531
36537
36626
36667
36741
36806
36825
36905
37268
37302
37379
37573
37608
37646
37736
37955
37975
37997
38029
38055
38264
38499
38644
38653
39049
39055
39224
39412
39415
39504
39526
39716
39741
39900
39958
40066
40091
40110
40210
40261
40344
40345
40589
40629
40650
40777
40903
40910
41082
41355
41386
41393
41536
41631
41660
41733
42013
42223
42296
42492
42779
42791
42794
42880
42941
42976
42998
43095
43100
43451
43486
43572
43627
43634
43672
43820
43928
43959
44114
44152
44166
44449
44500
44565
44621
44680
44919
45015
45102
45119
45579
45626
45701
45720
45925
45946
46064
46067
46069
46091
46192
46195
46396
46398
46489
46495
47103
47111
47113
47384
47415
47645
47650
47886
47889
47964
48188
48320
48507
48528
48836
48848
49214
49225
49393
49527
49543
49625
49687
49697
49768
49873
49876
49967
