120
264
439
585
911
974
1076
1125
1292
1369
1394
1447
1472
1550
1717
1938
1951
1969
2324
2382
2507
2648
2699
2726
2927
3019
3077
3111
3181
3283
3439
3499
3512
3515
3680
3773
3863
3868
4001
4091
4098
4202
4292
4312
4556
4577
4681
4875
4901
5064
5124
5248
5287
5308
5379
5552
5601
5835
5884
5932
6096
6188
6338
6560
6782
6849
7129
7194
7206
7312
7368
7399
7515
7647
7853
8074
8112
8316
8396
8406
8494
8555
8641
8643
8649
8824
8888
8941
8949
9108
9212
9271
9812
9845
9976
10016
10153
10216
10238
10565
10643
10666
10674
10770
10911
10940
10981
11424
11594
11646
11706
11804
12039
12206
12228
12267
12329
12459
12636
12666
13038
13074
13272
13313
13335
13416
13481
13673
13748
13758
13823
14198
14233
14310
14378
14394
14459
14559
14596
14619
14699
14824
14829
14859
15087
15165
15179
15265
15291
15297
15310
15313
15314
15359
15366
15614
15637
15671
15820
15972
16038
16183
16193
16299
16573
16611
16662
16735
16944
17047
17105
17110
17247
17549
17550
17581
17608
17613
17632
17634
17839
17841
17954
18257
18275
18308
18397
18623
18632
18722
18727
18745
18893
19009
19206
19311
19416
19437
19440
19814
19826
19920
20103
20338
20354
20437
20461
20590
20606
20609
20724
20766
20767
20861
20874
20892
20904
21009
21072
21102
21112
21142
21197
21205
21337
21349
21502
21662
21803
21858
22000
22089
22132
22146
22176
22185
22282
22285
22477
22490
22548
22595
22920
23405
23411
23636
23639
23687
23782
23884
23992
24224
24376
24459
24499
24559
24571
24600
24854
24884
24929
25062
25110
25116
25221
25251
25363
25510
25992
26022
26171
26172
26238
26314
26347
26427
26432
26595
26628
26838
27028
27234
27238
27241
27418
27579
27630
27664
27731
27889
27932
28262
28292
28310
28339
28372
28388
28439
28672
28754
28772
28862
28868
28935
28938
28939
29129
29284
29332
29468
29659
29853
29936
30205
30393
30420
30618
30789
30846
30894
31068
31248
31318
31323
31511
31527
31560
31726
31750
31755
31783
31794
31833
31864
32094
32312
32536
32593
32733
32901
32916
33256
33386
33411
33555
33581
33633
33697
33735
33777
33876
34214
34288
34707
34757
34833
34859
34877
34964
35024
35104
35219
35278
35325
35334
35397
35462
35524
35675
35708
35762
35836
35918
36114
36177
36330
36335
36393
36412
36789
36943
36960
36961
36973
37004
37038
37632
38168
38174
38200
38265
38325
38484
38512
38631
38906
38930
38997
39042
39095
39101
39399
39428
39585
39601
39626
39647
39761
39987
40004
40019
40033
40175
40428
40438
40584
40597
40779
40789
41093
41170
41290
41528
41684
41853
41972
41992
42020
42036
42049
42093
42112
42158
42189
42357
42407
42463
42554
42579
42778
43022
43149
43196
43297
43487
43552
43683
43775
43805
43839
44020
44357
44537
44556
44729
44847
44854
45164
45165
45291
45666
45766
45900
45928
45960
46124
46510
46555
46674
46887
47121
47152
47232
47241
47309
47530
48048
48286
48365
48468
48505
48527
48745
48783
48806
48834
48940
49111
49166
49223
49348
49605
49619
49721
49724
49796
49918
49973
49978
49987
