93
107
199
554
633
639
759
831
851
1206
1405
1420
1465
1527
1677
1690
1847
1881
2005
2036
2152
2248
2260
2297
2532
2628
2840
2931
3014
3129
3469
3479
3587
3628
3648
3819
3907
3958
4201
4217
4223
4273
4418
4439
4569
4612
4889
4923
5048
5502
5541
5581
5818
6007
6131
6150
6461
6521
6572
6634
6693
6840
7071
7148
7165
7186
7363
7502
7510
7654
7662
7795
7966
7995
8343
8588
8672
8737
8821
8901
8934
9148
9161
9182
9189
9479
9577
9592
9595
9865
10018
10046
10189
10211
10479
10497
10607
10614
10653
10737
10772
10780
10828
10852
10888
10926
11057
11143
11180
11387
11465
11554
11567
11735
12043
12248
12365
12404
12414
12421
12450
12527
12578
12602
12634
12641
12748
12829
12844
12861
12864
12976
13167
13288
13437
13506
13526
13535
13822
13875
13904
13906
13926
13927
13946
13960
14071
14081
14100
14140
14178
14186
14210
14220
14354
14654
14775
14892
15037
15128
15260
15405
15424
15587
15661
16030
16084
16297
16334
16411
16434
16594
16686
16756
16760
16790
16828
16852
16876
16892
16958
17010
17096
17311
17447
17633
17783
17909
17911
18049
18152
18238
18254
18342
18478
18904
19162
19180
19182
19203
19250
19510
19632
19685
19706
19731
19871
19961
20003
20055
20142
20249
20291
20301
20302
20310
20496
20696
20719
20754
20801
21015
21181
21440
21528
21550
21631
21746
21927
22174
22197
22241
22418
22619
22670
22747
22856
22989
23250
23336
23396
23419
23510
23556
23730
23762
23902
23973
24066
24187
24210
24263
24528
24618
24676
24873
24882
25108
25117
25188
25202
25238
25298
25360
25544
25641
25664
25671
25697
25715
25881
26018
26412
26511
26557
26576
26754
26766
27092
27213
27257
27583
27611
27755
27838
27877
28088
28234
28271
28275
28296
28327
28563
28883
28907
29041
29084
29318
29420
29508
29510
29570
29599
29606
29664
29665
29687
29773
29823
29833
29866
29900
30173
30506
30601
30706
30857
31041
31042
31168
31273
31419
31437
31446
31481
31547
31556
31639
31733
31989
32083
32108
32153
32177
32232
32283
32437
32497
32686
32731
32857
32891
33015
33019
33514
33593
33664
33667
33826
33841
33954
34161
34282
34343
34552
34746
34753
34793
34907
34929
35041
35115
35173
35235
35296
35343
35437
35666
35735
35756
35869
35985
36040
36067
36095
36129
36205
36449
36625
36664
36739
37218
37267
37312
37313
37651
37672
37886
37895
38134
38145
38162
38407
38511
38524
38649
38785
38814
39120
39168
39244
39388
39450
39487
39645
39750
39788
39814
39823
39962
40037
40223
40243
40324
40469
40482
40538
40601
40632
40639
40738
40846
40924
40929
40949
41084
41127
41143
41166
41261
41400
41530
41584
41606
41728
41963
42026
42127
42228
42356
42389
42480
42617
42696
42920
43010
43024
43096
43120
43225
43227
43285
43461
43890
44224
44301
44343
44354
44819
44855
45006
45108
45113
45417
45495
45550
45578
45614
45680
45811
46042
46171
46221
46493
46543
46927
46966
47062
47224
47270
47387
47429
47452
47800
47887
48013
48583
48594
48619
48630
48821
48993
49128
49169
49181
49568
49594
49598
49700
49719
