57
118
134
325
388
475
509
636
764
908
989
1210
1377
1383
1425
1505
1768
1819
1827
2020
2060
2271
2395
2510
2587
2604
2627
2653
2655
2693
2747
2758
3033
3117
3120
3158
3197
3393
3402
3776
4213
4586
4623
4648
4731
4768
4774
4831
4833
4989
5002
5080
5122
5231
5284
5401
5560
5643
5684
5722
5727
5846
5940
6038
6072
6137
6279
6307
6667
6728
6781
6937
7038
7205
7285
7585
7606
7800
7813
7890
7931
8023
8128
8279
8685
8767
8882
9289
9374
9500
9507
9508
9587
9724
9807
10076
10219
10234
10252
10269
10329
10335
10397
10563
10716
10985
11001
11479
11488
11785
11896
11958
12010
12065
12086
12198
12253
12314
12599
12831
12862
12903
12922
13094
13195
13382
13700
13760
13794
13900
13940
14029
14089
14139
14207
14269
14329
14363
14710
15143
15166
15330
15378
15654
15716
15770
15904
16006
16301
16302
16438
16462
16649
16724
16774
16775
17082
17169
17285
17299
17318
17362
17415
17446
17470
17483
17671
17936
17940
18012
18115
18131
18167
18320
18349
18382
18453
18545
18723
18768
18911
18928
19132
19222
19277
19305
19315
19354
19356
19404
19444
19539
19622
19634
19671
19763
19853
19855
20089
20098
20199
20210
20343
20575
20631
21396
21426
21572
21615
21939
22230
22243
22251
22320
22520
22713
22810
22865
23000
23033
23035
23045
23321
23530
23602
23654
23772
23838
23897
23898
23976
24052
24084
24326
24533
24540
24747
24829
24864
25015
25136
25185
25198
25504
25507
25511
25513
25596
25839
25890
26019
26058
26094
26111
26120
26291
26405
26407
26538
26572
26613
26615
26701
26768
26830
26853
26973
27004
27325
27424
27548
27649
27669
27880
28240
28249
28340
28364
28391
28555
28825
28851
28980
29097
29137
29259
29303
29429
29519
29591
30025
30069
30136
30383
30425
30436
30460
30546
30704
30824
30827
30888
30910
31009
31197
31251
31326
31330
31478
31770
31785
31967
31968
32210
32262
32285
32297
32395
32522
32672
32705
32836
32921
32955
33153
33242
33619
33677
33814
33829
33837
33915
34122
34159
34189
34247
34300
34330
34336
34420
34447
34493
34596
34663
34797
34819
34850
34855
35018
35215
35384
35391
35508
35705
35768
36039
36064
36514
36557
36570
36588
36838
36946
36986
37086
37138
37149
37332
37357
37473
37537
37538
37657
37694
37732
37773
37808
37831
37898
37971
38013
38234
38237
38425
38722
38924
38996
39022
39084
39151
39206
39370
39401
39483
39622
39720
39758
39849
40053
40494
40497
40761
40770
40932
40989
41209
41235
41272
41449
41466
41499
41520
41732
41767
41924
42039
42094
42123
42209
42221
42375
42561
42719
42963
42991
43013
43121
43393
43408
43565
43657
43710
43736
43942
44111
44177
44209
44379
44408
44455
44512
44839
44861
44897
44914
44986
45022
45035
45453
45518
45573
45704
45876
46001
46008
46015
46101
46108
46183
46212
46341
46547
46677
46878
46897
46898
47108
47138
47208
47303
47391
47447
47482
47798
47829
47846
47921
48133
48170
48227
48234
48239
48324
48340
48548
48567
48767
48827
48876
48989
49081
49222
49354
49604
49630
49657
49733
49792
49855
49986
