14
19
54
373
434
436
516
568
574
583
680
738
814
844
856
923
924
1069
1093
1111
1166
1371
1432
1478
1490
1569
1606
1658
1793
1987
2144
2173
2220
2247
2283
2539
2614
2643
2806
2945
3025
3047
3055
3101
3207
3266
3298
3477
3615
3657
3783
3786
3987
4243
4274
4406
4452
4564
4606
4618
4679
4689
4695
4712
4721
5301
5409
5563
5622
5707
5710
5858
5869
5870
5999
6004
6055
6074
6177
6259
6344
6673
6959
7068
7272
7684
8154
8217
8219
8263
8403
8476
8482
8532
8554
8651
8654
8846
8906
9049
9186
9208
9252
9269
9303
9363
9421
9672
9925
10035
10068
10281
10420
10449
10549
10711
10754
10795
11137
11206
11207
11302
11328
11335
11345
11438
11493
11552
11608
11623
11648
11728
11778
11947
11968
12112
12175
12328
12409
12476
12579
12610
12692
12794
12868
12984
13135
13183
13222
13235
13375
13446
13558
13589
13690
13756
13803
13936
13970
14195
14356
14365
14393
14417
14729
14739
14844
15327
15331
15576
15826
16023
16227
16385
16579
16705
16710
16822
16870
16987
17192
17246
17342
17365
17377
17423
17435
17448
17511
17763
17810
17818
17856
18211
18420
18474
18537
18569
18574
18602
18751
18802
18879
19105
19406
19500
19525
19553
19618
19834
20100
20102
20117
20182
20272
20331
20383
20455
20558
20587
20710
20849
21214
21234
21394
21525
21676
21689
21723
21833
21986
22134
22444
22678
22711
22803
22815
22840
22860
22960
23009
23016
23060
23095
23126
23127
23386
23666
23749
23768
23827
23907
23948
24121
24337
24409
24489
24554
24572
24624
24644
24703
24729
24909
24963
24999
25007
25081
25140
25191
25290
25451
25600
25696
25712
25727
25820
25836
25956
26012
26274
26493
26559
26736
26842
26994
27022
27048
27086
27216
27452
27458
27461
27496
27715
27750
27834
27857
28022
28103
28142
28191
28241
28477
28509
28537
28656
28664
28696
28700
28752
28848
28942
29060
29544
29800
29925
29994
30058
30105
30157
30182
30266
30285
30322
30415
30435
30598
30629
30739
30819
30887
30972
31018
31048
31050
31239
31293
31389
31413
31687
31778
32097
32134
32249
32385
32559
32722
32823
32845
33047
33475
33520
33530
33541
33702
33933
34200
34233
34251
34258
34477
34537
34582
34744
34780
34790
34930
34938
35030
35038
35218
35455
35543
35564
35701
35843
36084
36239
36479
36540
36543
36575
36617
36645
36832
36878
36914
37060
37098
37115
37224
37450
37454
37543
37755
37791
37844
37876
37920
37954
37989
38050
38165
38337
38603
38712
38727
38735
39038
39072
39109
39307
39482
39560
39941
39966
40028
40309
40391
40464
40630
40699
40947
41046
41246
41251
41328
41670
41802
41986
42266
42340
42378
42745
43054
43055
43091
43103
43383
43484
43678
43729
43732
43935
43963
44093
44230
44344
44383
44903
45010
45036
45239
45278
45554
45690
45791
46125
46188
46228
46296
46303
46419
46487
46573
46789
46824
46885
47120
47274
47277
47550
47640
47656
47751
47814
47861
47951
48003
48128
48380
48418
48425
48496
48566
48628
48752
48769
48873
49002
49075
49294
49311
49339
49358
49454
49500
49716
49831
