133
135
322
505
609
669
702
1001
1012
1019
1214
1477
1491
1522
1612
1711
2041
2069
2165
2238
2303
2403
2413
2511
2541
2569
2879
3024
3268
3297
3353
3367
3394
3409
3568
3656
3670
3744
3761
3792
3794
3804
3864
3959
4057
4083
4093
4101
4352
4589
4669
4766
4883
5095
5127
5291
5355
5370
5460
5484
5580
5737
5760
5840
5915
6071
6103
6192
6215
6343
6457
6568
6576
6694
6922
6936
7103
7122
7261
7378
7413
7451
7520
7745
7846
7862
7954
7986
8132
8216
8228
8243
8459
8601
8726
8877
9153
9193
9300
9429
9527
9585
9682
9692
9760
9799
9913
9928
10002
10036
10118
10403
10434
10526
10583
10589
10667
10671
10690
10973
11290
11329
11525
11873
11890
11894
11929
12161
12281
12343
12458
12463
12659
12696
12768
12797
12929
13131
13137
13224
13267
13529
13670
13845
13868
13917
13993
14108
14122
14466
14471
14516
14836
15018
15234
15341
15436
15528
15610
15711
15776
16088
16223
16343
16634
16711
16860
17199
17370
17424
17433
17463
17504
17506
17555
17858
17918
18087
18103
18116
18280
18446
18447
18472
18486
18566
18584
18698
19039
19212
19225
19228
19509
19625
19672
19738
19943
19962
19999
20045
20071
20125
20163
20271
20279
20318
20323
20381
20394
20545
20627
20676
20725
20823
20853
20885
21345
21361
21466
21484
21621
21636
21880
21934
22031
22139
22244
22281
22340
22379
22413
22415
22742
22882
22991
23050
23314
23337
23345
23385
23432
23465
23490
23570
23581
23642
23732
23733
23793
23881
23989
24036
24104
24189
24257
24298
24379
24546
24678
24753
24811
24992
25100
25227
25585
25929
25962
26157
26202
26220
26243
26581
26846
26915
27182
27245
27269
27353
27625
27846
27853
28039
28222
28309
28420
28423
28430
28432
28897
29049
29238
29269
29270
29360
29426
29579
29594
29720
29722
29902
29949
29990
30125
30360
30440
30454
30490
30536
30650
30726
30839
31070
31127
31200
31622
31688
31757
32073
32252
32298
32330
32520
32574
32680
32684
32745
32830
33053
33061
33258
33295
33429
33504
33508
33540
33571
33600
33684
33698
34222
34286
34360
34418
34573
34585
34693
34766
34771
34802
34944
35421
35489
35567
35592
35678
35736
35855
35863
35905
35939
36028
36170
36293
36358
36564
36587
36642
36716
36881
36882
36972
37101
37116
37151
37648
37692
37821
38545
38547
38775
39110
39346
39411
39413
39448
39529
39595
39662
39800
39937
39992
40166
40217
40250
40253
40572
40606
40666
40673
40787
40798
40831
40837
40968
41010
41012
41019
41024
41101
41237
41247
41275
41297
41381
41472
41512
41522
41554
41622
41635
41675
41677
41685
41929
41960
42023
42047
42144
42156
42208
42261
42265
42267
42312
42369
42515
42731
42993
43102
43518
43549
43605
43702
43796
43802
43818
43838
44007
44160
44219
44236
44328
44333
44401
44467
44574
44583
44755
44756
44772
44842
44883
45235
45273
45293
45523
45646
45665
45711
45764
46184
46352
46447
46603
46746
46979
47015
47038
47155
47630
47679
47703
47776
47875
47919
48114
48171
48233
48439
48612
48656
48707
48748
48910
48982
49185
49204
49248
49275
49334
