82
96
329
444
461
777
833
866
959
1045
1086
1221
1261
1379
1499
1589
1625
1730
1963
2019
2218
2571
2672
2935
2968
3022
3133
3142
3256
3341
3428
3549
3793
3809
4013
4358
4407
4706
5110
5148
5207
5354
5583
5720
5910
5978
6017
6022
6035
6039
6162
6303
6363
6402
6503
6931
7028
7099
7182
7446
7975
8160
8312
8446
8776
8879
8881
9048
9126
9412
9472
9554
9604
9609
9691
9739
9778
9814
9825
9869
10198
10321
10569
10592
11091
11163
11195
11205
11235
11268
11393
11513
11551
11649
11650
11758
12002
12227
12335
12374
12399
12568
12573
12811
12813
12935
13024
13065
13120
13130
13330
13351
13522
13653
13771
13782
13863
14165
14236
14259
14281
14355
14432
14503
14520
14765
15095
15121
15154
15204
15393
15404
15509
15518
15533
15616
15984
16112
16203
16586
16692
16847
16990
17148
17261
17378
17465
17592
17757
17780
17901
17969
17991
18028
18058
18140
18209
18215
18350
18502
18600
18869
18908
19000
19013
19242
19247
19342
19476
19580
19619
19729
19896
19926
20065
20371
20377
20969
21163
21221
21292
21307
21395
21952
22184
22249
22309
22569
22650
22652
22688
22785
22805
22887
22946
22999
23038
23114
23138
23222
23226
23277
23467
23641
23645
23676
23797
24051
24058
24063
24237
24239
24272
24286
24314
24380
24479
24553
24691
24704
24908
24956
24972
24985
25009
25040
25244
25312
25325
25372
25408
25411
25485
25494
25503
25608
25842
25908
25965
26250
26261
26262
26353
26357
26584
26802
26979
27180
27237
27322
27323
27445
27660
27693
27697
27724
27764
27784
27965
28178
28287
28323
28577
28588
28861
28903
29087
29359
29389
29437
29527
29627
29712
29717
29958
30086
30274
30295
30477
30564
30659
30730
30770
30895
30905
31034
31135
31253
31322
31392
31486
31521
31536
31890
31917
32029
32034
32075
32114
32151
32208
32211
32218
32230
32337
32378
32453
32454
32525
32631
32755
32982
33079
33100
33104
33318
33512
33528
33532
33662
33722
33734
33792
33964
33992
34130
34141
34155
34158
34322
34497
34761
34774
34979
35116
35128
35317
35329
35359
35367
35646
35682
35683
36002
36098
36115
36118
36450
36470
36506
36510
36532
36616
36676
36740
36890
37005
37201
37294
37347
37366
37395
37406
37419
37472
37476
37574
37702
37753
37880
38066
38077
38177
38205
38225
38270
38286
38316
38388
38527
38794
39015
39169
39246
39461
39495
39522
39597
39598
39669
39729
39826
39863
39999
40059
40184
40238
40759
40843
41150
41198
41224
41331
41332
41475
41489
41578
41580
41614
41831
41838
41891
41966
42096
42320
42347
42397
42449
42583
42645
42680
42822
43018
43147
43165
43454
43588
43726
43927
44017
44024
44235
44265
44268
44342
44491
44809
44815
44896
44935
45024
45490
45546
45567
45610
45636
45640
45706
46006
46180
46259
46277
46431
46449
46548
46615
46744
46751
46803
46804
46843
46870
46953
46954
46980
47170
47263
47329
47430
47564
47661
47787
47803
47812
47968
48291
48308
48402
48451
48584
48585
48685
48755
48824
48889
49022
49025
49054
49245
49259
49346
49431
49521
49617
49665
49704
49738
49868
49927
49975
