22
126
445
460
572
676
739
743
788
947
1259
1331
1484
1580
1609
1731
1896
2074
2083
2198
2321
2460
2466
2508
2529
2564
2674
2722
2990
2997
3020
3109
3118
3217
3467
3739
3885
3929
4053
4054
4186
4298
4510
4598
4634
4709
4775
4799
4947
4965
5031
5041
5234
5264
5615
5654
5679
5712
5900
6085
6087
6115
6154
6239
6260
6524
6552
6611
6737
6739
6754
6806
6823
6995
7069
7075
7086
7117
7146
7181
7198
7230
7344
7381
7485
7500
7657
7668
8234
8264
8439
8691
8722
8817
9059
9124
9211
9235
9309
9492
9562
9573
9581
9648
9754
9857
9949
10114
10369
10478
10679
10930
10989
11273
11492
11553
11603
11634
11643
11725
11877
11927
12100
12105
12120
12199
12548
12650
12708
12839
12888
13007
13043
13271
13307
13315
13334
13363
13624
13697
14126
14148
14196
14202
14227
14274
14278
14317
14426
14435
14669
14682
14962
14985
15024
15029
15067
15131
15206
15224
15271
15284
15380
15421
15422
15480
15653
15724
15868
15922
15929
15932
16232
16291
16379
16381
16392
16410
16556
16663
16678
16699
16725
16936
17040
17181
17315
17518
17639
17699
17739
17746
17808
17813
17917
18017
18025
18048
18104
18146
18160
18514
18543
18650
18728
18737
18834
18841
18848
18960
18969
19267
19299
19428
19559
19714
19989
20094
20141
20367
20493
20502
20517
20539
20634
20944
21063
21097
21115
21368
21455
21474
21489
21772
22032
22070
22075
22371
22382
22827
23099
23238
23260
23325
23339
23479
23539
24155
24389
24395
24802
24994
25286
25364
25525
25589
25868
25924
25984
26090
26230
26378
26600
26903
27054
27072
27175
27309
27348
27403
27508
27532
27591
27758
27770
27825
28146
28348
28365
28386
28446
28766
28790
28808
28866
29056
29162
29165
29427
29658
29682
29980
29996
30080
30162
30189
30350
30514
30552
30656
30785
30982
31013
31082
31267
31339
31345
31368
31659
31675
31787
31936
32149
32157
32225
32356
32370
32489
32544
32548
32622
32715
32728
32729
32940
32969
33084
33099
33139
33151
33235
33243
33419
33537
33713
33769
34013
34135
34309
34357
34427
34454
34511
34649
34655
34691
34718
34783
34840
34841
34885
34901
34906
35019
35129
35796
35802
36103
36201
36209
36215
36297
36317
36353
36628
36743
36818
36893
37229
37331
37387
37414
37433
37444
37458
37643
37712
37747
37948
37962
38026
38149
38241
38245
38416
38446
38517
38598
38771
38791
38869
38902
38911
38943
38992
39090
39352
39467
39474
39491
39548
39649
39695
39778
39779
40100
40208
40420
40444
40450
40536
40562
40571
40695
40714
40756
40839
40858
40940
40954
41152
41167
41239
41310
41452
41483
41488
41538
41566
41651
41974
42008
42011
42071
42111
42119
42253
42355
42477
42512
42549
42681
42725
42802
42837
43354
43433
43470
43578
44115
44126
44326
44439
44544
44597
44606
44642
44910
44946
45310
45381
45427
45474
45588
45698
45776
46234
46384
46453
46651
46732
46748
46814
46830
46918
46948
47063
47264
47320
47404
47517
47584
47641
47673
47860
48134
48358
48608
48658
48704
48935
49066
49208
49286
49522
49636
49746
49804
49805
49893
