116
193
209
279
320
415
454
624
717
895
932
1120
1139
1185
1225
1245
1673
1824
1831
1855
2116
2330
2450
2572
2670
2739
2740
2754
2815
2919
2956
2992
3157
3170
3208
3377
3533
3660
3836
3845
3918
4063
4080
4138
4267
4297
4342
4361
4454
4471
4616
4928
4930
4982
5090
5121
5462
5486
5589
5680
5682
5894
5934
6284
6378
6449
6458
6550
6670
6778
6875
6929
7073
7412
7421
7521
7778
7817
7836
7915
7944
7963
8137
8173
8399
8412
8660
8710
8718
8864
8875
8951
8971
9030
9196
9294
9347
9441
9591
9723
9742
9863
9871
10028
10351
10361
10424
10531
10601
10673
10867
10921
10969
11147
11153
11158
11225
11409
11770
11854
11913
11932
12103
12172
12280
12331
12521
12647
12777
12826
12920
13044
13132
13154
13169
13212
13299
13350
13461
13583
13650
13757
13854
13880
14068
14137
14511
14706
14793
14817
14896
15022
15046
15322
15345
15384
15573
15592
15772
15864
16146
16168
16199
16427
16742
16758
16762
16812
16834
17003
17060
17077
17132
17531
17614
17753
17794
17859
17868
17950
18331
18381
18396
18662
18690
18711
18740
18947
19149
19239
19380
19543
19562
19644
19692
19892
19905
19950
20014
20256
20265
20288
20325
20327
20363
20501
20659
20734
20739
20816
21083
21087
21165
21198
21392
21516
21535
21628
21643
21729
21731
21958
22100
22188
22250
22345
22453
22454
22527
22591
22696
22824
22905
22951
23007
23037
23471
23689
23724
23877
23974
24020
24150
24153
24166
24222
24320
24338
24364
24365
24524
24722
24727
24915
25189
25271
25484
25540
25677
25899
25904
25944
25987
26044
26327
26591
26622
26658
26732
26793
26844
26939
27005
27101
27262
27410
27599
27610
27702
27913
28074
28217
28413
28443
28450
28636
28655
28797
28877
28955
29117
29233
29282
29473
29487
29548
30088
30169
30297
30316
30336
30341
30363
30403
30456
30478
30695
30803
30834
30842
31044
31434
31450
31452
31522
31749
31765
31915
31919
31953
32181
32229
32628
32693
32740
32843
32918
32945
32979
33068
33189
33270
33333
33393
33398
33529
33721
33864
33990
34184
34217
34339
34368
34470
34589
34905
35058
35105
35164
35264
35295
35328
35394
35625
35628
35692
35839
35991
36004
36010
36099
36169
36461
36567
36703
36808
36824
36856
36879
37042
37059
37232
37234
37246
37253
37274
37377
37548
37673
37785
37930
37932
37974
38075
38104
38213
38238
38288
38643
38822
38968
39000
39007
39098
39158
39173
39234
39255
39615
39628
39701
39734
39776
39811
39833
39862
40017
40105
40212
40312
40435
40600
40674
40793
40887
40926
41388
41441
41493
41640
41709
41892
41928
42007
42110
42352
42382
42387
42388
42431
42651
42939
42956
43263
43333
43417
43445
43742
43778
43823
43955
44074
44107
44121
44287
44402
44438
44458
44639
44652
44804
44821
44939
44988
45013
45019
45020
45021
45037
45044
45052
45172
45199
45505
45613
45714
45778
45993
45997
46100
46305
46401
46427
46517
46591
46610
46683
46686
46739
46896
47074
47206
47696
47710
47799
47868
47878
47885
48034
48177
48206
48311
48390
48550
48972
49013
49312
49464
49810
49932
