7
161
168
227
281
315
469
843
946
977
1051
1293
1329
1403
1444
1460
1662
1719
1920
1971
2044
2080
2178
2301
2304
2337
2391
2408
2501
2527
2623
2848
2893
3001
3013
3016
3173
3176
3214
3317
3324
3451
3534
3561
3700
3731
3756
4233
4299
4420
4559
4659
4809
5217
5245
5393
5425
5467
5472
5521
5607
5797
6005
6064
6230
6368
6456
6480
6547
6594
6743
7062
7141
7256
7297
7304
7475
7516
7531
7537
7683
7746
7799
7956
8056
8144
8174
8235
8347
8605
8679
8903
9163
9332
9371
9424
9453
9461
9877
9947
9963
10270
10363
10688
10753
10761
10825
11009
11136
11297
11356
11481
11818
11942
12143
12153
12167
12205
12393
12705
12871
12873
12881
12996
13192
13332
13445
13474
13596
13618
13646
13730
13938
14007
14147
14385
14391
14408
14474
14524
14546
14799
14800
14842
14984
15218
15351
15356
15728
15802
15853
15975
16018
16033
16074
16262
16267
16293
16355
16401
16507
16589
16614
16688
16696
16824
16895
17017
17217
17252
17255
17281
17329
17519
17595
17617
17723
17761
17840
17908
18027
18095
18229
18293
18427
18530
18627
18820
18837
18866
18871
18897
18930
18953
19040
19488
19540
19806
19827
19857
19868
20022
20161
20165
20319
20391
20419
20560
20740
20755
20829
20880
20905
21091
21179
21180
21207
21215
21218
21229
21235
21488
21493
21551
21559
21614
21618
21705
21711
21728
21785
21805
22080
22179
22533
22779
22870
23147
23469
23481
23727
23758
23887
23903
23927
24048
24174
24212
24221
24259
24434
24680
24876
24940
24943
24986
25125
25777
25849
26076
26121
26179
26201
26422
26455
26506
26697
26763
26868
26882
26913
26923
27090
27266
27511
27634
27695
27717
27730
27751
28090
28136
28300
28380
28460
28572
28587
28593
28947
29168
29347
29393
29747
29752
29783
30029
30041
30318
30382
30444
30708
30749
30907
30921
31282
31283
31483
31548
31771
31816
31973
32373
32408
32419
32503
32612
32621
32651
32875
32935
32957
33195
33221
33416
33482
33626
33693
34031
34197
34284
34388
34466
34664
34918
34960
35166
35169
35229
35392
35529
35647
35691
35698
35831
35895
36081
36193
36349
36381
36404
36462
36646
36820
37003
37112
37418
37446
37578
37740
37889
38206
38461
38576
38656
38740
38756
39009
39152
39172
39203
39532
39590
39614
39671
39755
39794
39847
39875
39879
39904
39922
39996
40141
40186
40201
40329
40660
40812
40978
41021
41057
41065
41151
41551
41571
41611
41634
41766
41976
42004
42041
42066
42321
42348
42405
42424
42501
42647
42877
42944
42952
42992
42999
43068
43194
43264
43294
43301
43385
43458
43639
43776
43853
43933
43992
44221
44281
44353
44375
44391
44405
44542
44751
44753
44764
44767
44769
44793
44904
45062
45129
45240
45260
45290
45353
45422
45435
45542
45611
45772
45864
45877
45888
45892
45937
46066
46090
46218
46263
46280
46403
46494
46504
46699
46765
46777
46818
46890
46901
47022
47053
47119
47132
47506
47826
47999
48010
48070
48173
48307
48378
48389
48510
48570
48591
48674
48757
48792
48868
48959
49009
49130
49174
49360
49434
49466
49502
49613
49730
49823
