5
198
222
263
496
668
953
1083
1186
1244
1312
1342
1439
1485
1513
1557
1809
1941
1997
2002
2018
2171
2235
2353
2378
2401
2636
2723
3045
3318
3334
3430
3795
3895
3971
3978
4110
4150
4246
4329
4374
4392
4434
4512
4651
5119
5186
5251
5262
5270
5412
5595
5608
5629
5645
5698
5767
5967
6002
6078
6191
6261
6546
6638
6649
7091
7345
7608
7646
7858
8086
8149
8251
8261
8303
8379
8448
8754
8802
8845
9113
9159
9336
9550
9567
9776
9883
9980
9982
9985
10176
10218
10299
10354
10467
10660
10661
10744
10837
10915
10991
11035
11093
11258
11369
11534
11537
11723
11747
11892
12066
12375
12561
12592
12635
12755
12774
13053
13121
13228
13493
13990
14000
14129
14170
14208
14618
14938
14994
15077
15479
15501
15548
15672
15688
15721
15834
15858
15866
16134
16344
16487
16522
16561
16656
16815
16995
17103
17240
17306
17322
17533
17544
17665
17668
17777
17974
18093
18102
18105
18107
18310
18404
18516
18555
18567
18610
18621
19017
19053
19098
19125
19138
19219
19397
19443
19624
19959
20196
20281
20448
20778
20828
20852
20918
20943
21404
21519
21598
21600
21679
21691
21762
21776
21814
21816
22014
22027
22033
22126
22170
22229
22232
22240
22252
22287
22288
22317
22327
22365
22547
22594
22689
22718
22721
22924
22949
22982
22993
23034
23108
23177
23280
23394
23418
23430
23496
23586
23598
23600
23808
23829
23900
24004
24114
24367
24538
24760
24831
24875
24906
24935
25115
25225
25258
25287
25310
25436
25661
25994
26017
26097
26304
26375
26401
26459
26519
26665
26719
26748
26907
26926
26989
27070
27109
27404
27703
27837
27906
27908
28107
28160
28175
28302
28461
28474
28497
28787
28822
29142
29169
29213
29326
29370
29507
29520
29633
29635
29746
29985
30343
30570
30586
30674
30757
30780
30806
30865
31202
31357
31440
31538
31597
31612
31683
31896
31925
32121
32129
32170
32219
32403
32483
32495
32576
32601
32605
32608
32665
32789
32794
32856
32929
32993
33083
33095
33101
33205
33309
33691
33812
34052
34153
34195
34234
34345
34458
34543
34550
34586
34591
34863
35090
35231
35309
35424
35457
35599
35608
35654
35728
35748
36059
36065
36135
36287
36288
36755
36792
36947
37014
37044
37391
37678
37724
37774
37836
37868
38089
38135
38157
38298
38412
38734
38753
38780
38800
38987
39043
39123
39129
39130
39576
39577
39699
39718
39739
39912
39948
40193
40334
40492
40526
40573
40604
40886
40963
41129
41187
41360
41507
41756
41941
41955
41993
42218
42264
42290
42466
42666
42707
42820
42913
42936
43084
43233
43529
43676
43711
43723
43821
43874
43891
43938
43948
44091
44113
44272
44356
44460
44778
44794
44949
45137
45141
45187
45263
45298
45299
45306
45536
45667
45686
45861
45871
45915
45951
45988
46084
46162
46169
46264
46275
46357
46375
46391
46429
46559
46650
46659
46670
46740
46826
46935
46967
47045
47214
47440
47493
47494
47528
47610
47631
47638
47726
47855
47883
47890
47969
47984
48031
48238
48253
48302
48533
48810
48884
48900
48978
49008
49171
49345
49405
49425
49574
49686
49734
49816
49880
49938
