0
137
180
224
278
351
430
529
683
686
762
818
870
1052
1156
1177
1279
1336
1470
1821
1850
1947
2208
2370
2409
2454
2697
2767
3046
3203
3255
3386
3416
3607
3611
3706
3718
3840
4038
4074
4136
4141
4283
4289
4356
4403
4583
4592
4639
4876
4919
4993
5383
5397
5494
5540
5750
5783
5824
5833
5920
5922
5946
5979
6075
6238
6286
6348
6453
6556
6658
7009
7128
7293
7298
7384
7574
7689
7692
7698
7706
7709
7821
8097
8252
8360
8428
8647
8687
8789
8902
8924
8975
9027
9205
9220
9224
9251
9405
9420
9423
9482
9502
9561
9590
9612
9618
9878
9986
10090
10093
10097
10285
10360
10508
10570
10705
11019
11148
11214
11241
11668
11765
12118
12215
12342
12376
12460
12544
12566
12628
12679
12989
13002
13047
13282
13498
13586
13710
13872
13919
13983
14046
14501
14565
14583
14616
14911
15065
15068
15104
15250
15279
15333
15411
15493
15495
15561
15732
15735
15847
15855
15891
15918
15941
16010
16162
16186
16197
16569
16642
16659
16807
16908
17371
17444
17717
17741
17773
17847
17972
18019
18084
18120
18134
18178
18180
18220
18419
18440
18443
18444
18448
18457
18493
18628
18633
18660
18686
18793
18939
19008
19071
19498
19519
19593
19605
19683
19932
19966
20002
20005
20121
20197
20268
20286
20303
20440
20489
20597
20607
20664
21116
21184
21314
21425
21448
21778
21815
22013
22034
22153
22182
22255
22295
22409
22482
22515
22587
22653
22964
22978
23073
23113
23183
23189
23197
23230
23319
23341
23346
23448
23449
23476
23503
23549
23659
23713
23771
23946
24181
24283
24350
24439
24477
24816
25069
25173
25588
25627
25827
25838
25925
25953
26011
26037
26277
26339
26385
26823
26824
26861
26871
26935
27023
27045
27095
27164
27589
27681
27752
27806
27995
28138
28158
28223
28350
28663
28824
28880
28884
28927
28983
29230
29357
29392
29433
29555
29592
29661
29780
29784
29808
29824
30005
30046
30072
30296
30452
30729
30909
30947
31183
31229
31332
31384
31415
31690
31712
31790
31854
31885
32015
32102
32144
32182
32371
32415
32427
32468
32637
32718
32840
32912
32994
33059
33181
33559
33564
33602
33818
33960
34017
34238
34290
34736
34860
34880
34999
35127
35184
35477
35558
35624
35758
35765
35812
35874
35912
35982
36011
36134
36452
36499
36580
36660
36681
36875
37100
37140
37204
37207
37297
37308
37317
37481
37835
37847
37885
38037
38099
38116
38243
38287
38332
38428
38480
38640
38846
38897
38956
38978
39002
39074
39096
39390
39559
39578
39609
39610
39853
39873
39895
39896
39936
39961
40063
40121
40133
40373
40480
40658
40669
40751
40825
41075
41243
41367
41450
41699
41897
41911
41938
42000
42125
42182
42249
42331
42368
42395
42771
42867
42900
43221
43244
43329
43379
43499
43621
43817
44006
44040
44231
44324
44362
44475
44531
44613
44624
44640
44742
45169
45315
45771
46085
46229
46290
46467
46468
46563
46880
47129
47308
47768
47945
48051
48061
48193
48275
48276
48348
48472
48497
48577
48620
48648
48684
48802
48912
48937
48947
49200
49377
49450
49453
49628
49758
49770
49945
49974
