177
272
399
470
623
661
967
980
1042
1061
1085
1118
1229
1374
1393
1456
1585
1611
1865
1983
2288
2367
2458
2485
2506
2534
2576
2715
2746
2748
2890
2913
3296
3366
3503
3816
3979
4004
4043
4146
4176
4326
4365
4389
4412
4617
4641
4671
4698
4714
5099
5183
5203
5474
5492
5558
5787
5826
5827
5868
5899
5984
6081
6089
6102
6153
6234
6349
6385
6394
6410
6414
6430
6468
6469
6617
6722
6952
6990
7292
7547
7561
7576
7588
7729
7970
8089
8136
8139
8377
8604
8667
8804
8813
8894
8996
9013
9096
9274
9314
9342
9351
9382
9748
9752
9830
9927
10019
10116
10162
10431
10511
10524
10606
11036
11175
11249
11320
11420
11524
11585
11676
11781
11887
11920
12116
12193
12225
12240
12247
12320
12372
12398
12483
12745
12923
12933
12980
13360
13421
13485
13617
13655
13665
13933
14034
14045
14142
14260
14323
14330
14345
14353
14380
14412
14598
15057
15230
15419
15425
15574
15575
15595
15720
15814
15900
15963
16102
16123
16160
16231
16287
16429
16502
16751
16782
17093
17115
17182
17381
17452
17570
17586
17852
17922
18059
18067
18083
18336
18521
18538
18553
18963
19103
19165
19307
19387
19493
19578
19679
19759
19782
19866
19944
20093
20444
20514
20521
20540
20563
20576
21022
21030
21058
21336
21637
21775
22073
22106
22209
22366
22381
22546
22677
22684
22694
22901
22958
23124
23139
23142
23163
23268
23759
23818
23850
24035
24079
24117
24248
24322
24443
24469
24488
24709
24746
24954
25044
25050
25078
25114
25322
25352
25487
25574
25759
25761
25805
25818
25917
25998
26131
26447
26472
26490
26561
26784
27138
27188
27209
27278
27296
27405
27546
27708
27783
27839
27996
28117
28197
28263
28268
28269
28417
28695
28776
28956
28991
29134
29196
29216
29232
29234
29432
29439
29617
29885
30028
30063
30213
30276
30284
30368
30407
30488
30537
30646
30675
30711
30732
30761
30914
30948
31124
31247
31397
31402
31404
31459
31991
31994
32072
32228
32234
32265
32508
32549
32799
32949
33342
33415
33778
33957
34190
34249
34347
34595
34739
34936
34984
35086
35152
35364
35370
35473
35521
35629
35644
35645
35662
35724
36055
36211
36346
36459
36613
36742
36902
36921
36940
36975
37161
37196
37288
37301
37316
37629
37701
37723
37735
37982
38012
38069
38123
38185
38190
38246
38350
38380
38507
38578
38667
38689
38843
38913
38940
39030
39036
39080
39134
39175
39341
39493
39549
39668
39821
40005
40010
40031
40035
40065
40109
40117
40144
40298
40374
40456
40587
40712
40817
40873
41267
41492
41598
41649
41822
41880
42118
42197
42400
42600
42602
42674
42805
42978
42989
43186
43229
43310
43317
43345
43555
43638
43719
43850
43945
44225
44297
44404
44485
44528
44671
44787
44840
44907
44963
45068
45192
45392
45439
45451
45570
45649
45767
45874
45891
45971
45995
46048
46055
46071
46112
46146
46238
46281
46408
46414
46560
46831
46959
47016
47149
47477
47537
47738
47816
47820
47944
48009
48011
48083
48215
48226
48409
48549
48691
48747
48771
48894
49083
49098
49114
49457
49472
49653
49673
49674
49749
49773
49826
