17
43
103
302
312
428
458
491
530
733
886
903
1168
1294
1687
1720
1733
1761
1770
2100
2197
2258
2637
2662
2709
2761
2976
3008
3015
3058
3092
3303
3463
3491
3498
3532
3614
3791
4058
4086
4249
4697
4720
5132
5142
5184
5204
5211
5300
5669
5714
5755
5768
5786
5987
5993
6068
6079
6336
6538
6765
6826
6930
7056
7174
7232
7250
7433
7629
7655
7782
7804
7884
8162
8184
8317
8376
8417
8551
8568
8630
8673
8809
8852
8958
8985
9099
9167
9206
9207
9233
9280
9325
9377
9584
9712
9756
9969
10128
10275
10453
10485
10510
10684
10823
10935
10963
11228
11371
11464
11933
11948
12069
12075
12109
12181
12506
12766
12798
12853
12863
12890
12927
12941
13118
13270
13319
13500
13507
13649
13715
13865
13881
13894
13915
13923
13942
14221
14228
14302
14465
14484
14532
14680
14861
14961
15021
15136
15414
15542
15643
15655
15666
15749
15767
15793
15960
16054
16498
16532
16559
16693
16713
16802
16887
16954
17021
17068
17320
17360
17460
17488
17521
17900
18032
18117
18406
18412
18487
18622
18898
18971
18982
19057
19110
19113
19133
19263
19425
19506
19529
19607
19680
19705
19707
19829
20050
20059
20073
20123
20151
20341
20373
20379
20507
20564
20592
20622
20662
20723
20902
20999
21010
21266
21311
21326
21715
21751
21924
22001
22091
22094
22369
22424
22433
22452
22543
22602
22743
22812
22851
22938
22956
23008
23025
23104
23205
23281
23332
23369
23561
23775
23849
23916
24013
24105
24167
24697
24834
24866
25031
25219
25332
25535
25602
25750
25821
25932
26085
26147
26191
26239
26290
26423
26451
26479
26637
26746
26771
26812
26873
27222
27385
27401
27427
27713
27738
27949
27978
27998
28161
28256
28371
28463
28467
28518
28583
28610
28694
28762
28940
28974
28977
29017
29039
29077
29174
29182
29584
29623
29701
29767
29788
30057
30380
30581
30709
30754
30807
30822
30855
31118
31281
31682
31714
31741
31763
31860
31899
32104
32366
32405
32465
32477
32519
32554
32782
32811
32991
33058
33161
33261
33305
33607
33711
33770
33836
33838
33882
33893
34028
34203
34301
34519
34609
34705
34741
35010
35067
35660
35856
35940
35970
36270
36284
36343
36439
36485
36498
36695
36866
37032
37047
37167
37409
37424
37464
37541
38187
38222
38282
38377
38414
38733
38880
38928
39014
39037
39087
39409
39501
39561
39603
39785
39885
39897
40055
40168
40303
40327
40359
40503
40556
40671
40829
40860
40894
40964
41097
41227
41368
41517
41545
41638
41773
42067
42263
42282
42286
42319
42894
42903
42958
42986
43032
43036
43193
43211
43341
43400
43526
43596
43653
43680
43706
43767
43854
43907
44012
44129
44149
44273
44415
44473
44541
44601
44636
44677
44799
45023
45029
45031
45227
45262
45322
45326
45354
45404
45406
45484
45500
45577
45850
45858
45867
46009
46011
46154
46225
46311
46330
46512
46539
46630
46756
46801
46822
46957
46998
47033
47258
47316
47396
47513
47677
47775
47811
47882
47925
47988
48042
48068
48085
48426
48494
48530
48617
48633
48673
48808
48860
49092
49300
49314
49338
49396
49451
49582
49685
49994
