50
98
201
335
346
628
656
859
898
944
1063
1082
1099
1390
1423
1785
1914
1946
2061
2110
2117
2169
2244
2277
2292
2325
2410
2445
2611
2634
2859
2986
2989
3000
3023
3104
3153
3202
3325
3359
3526
3544
3609
3714
3727
3829
3879
4131
4169
4571
4660
4794
4959
5016
5353
5721
5812
5862
5863
5957
5970
6116
6155
6228
6242
6360
6387
6401
6445
6581
6651
6892
6905
7036
7245
7385
7541
7690
7714
7723
7866
7942
8041
8156
8169
8224
8281
8506
8563
8566
8926
9128
9172
9330
9633
9635
9837
9839
9846
9918
10077
10343
10374
10470
10491
10881
11094
11104
11109
11124
11126
11178
11281
11289
11301
11323
11520
11532
11660
11682
12051
12094
12260
12371
12477
12611
12622
12658
12911
12924
12965
13064
13076
13149
13349
13353
13398
13425
13443
13671
13718
13891
13939
13945
14201
14219
14264
14479
14534
14567
14700
14951
14971
15092
15093
15194
15246
15253
15455
15462
15470
15476
15615
15727
15886
15925
15971
15995
16063
16235
16319
16539
16562
16575
16577
16593
16761
16842
16961
17116
17121
17208
17214
17274
17277
17340
17354
17630
17663
17762
17803
18133
18243
18369
18418
18554
18557
18657
18832
18843
19006
19139
19175
19587
19638
19665
19708
19842
19854
19885
20043
20054
20128
20147
20198
20297
20330
20403
20648
20665
20817
20890
20924
20977
21002
21134
21139
21213
21222
21503
21783
21910
21943
22124
22141
22206
22216
22261
22277
22466
22607
22613
22671
22679
22734
22908
22935
23131
23141
23150
23378
23391
23605
23693
23807
23968
24073
24116
24371
24391
24394
24520
24662
24665
24734
24738
24754
24880
25039
25091
25150
25223
25249
25334
25348
25647
25689
25797
26035
26163
26270
26275
26499
26629
26878
26906
26983
27137
27381
27384
27423
27620
27653
27744
27772
27869
28155
28506
28546
28631
28792
28835
29163
29204
29209
29445
29631
29730
29827
29869
29997
30003
30141
30838
30850
31083
31317
31433
31467
31535
31642
31653
31776
31852
31895
31913
32005
32246
32423
32504
32610
32748
32756
32781
32795
32809
32934
32937
33129
33206
33265
33314
33610
33622
33649
33862
34187
34208
34325
34428
34502
34505
34742
34769
34773
34998
35208
35265
35291
35453
35725
35795
35990
36007
36311
36324
36344
36379
36571
36601
36629
36696
36723
36754
36774
36807
36821
36915
36958
37002
37127
37137
37577
37734
37799
37873
37977
38062
38240
38468
38854
38899
38929
39057
39464
39708
39795
39944
40044
40084
40137
40158
40225
40323
40348
40414
40429
40440
40461
40541
40603
40635
40663
40776
40857
40889
40944
41033
41121
41123
41175
41200
41317
41792
41814
41818
41824
41957
42174
42262
42444
42629
42749
42859
42981
43045
43126
43127
43129
43226
43253
43300
43309
43347
43350
43715
43949
44049
44211
44369
44441
44570
44816
44830
44941
45084
45380
45492
45541
45835
45890
46098
46143
46291
46436
46581
46684
46723
46747
46779
46849
47064
47075
47134
47202
47222
47503
47554
47660
48102
48430
48457
48479
48504
48572
48662
48799
48831
48842
48862
48896
49048
49082
49281
49367
49385
49651
49723
49959
49999
