141
174
221
352
524
582
591
719
727
737
837
897
899
913
1278
1359
1642
1647
1695
1754
1894
1948
2095
2216
2295
2302
2422
2575
2657
2705
2828
2971
3003
3141
3234
3448
3541
3625
3707
3778
3787
3851
3854
3866
4154
4184
4241
4316
4376
4528
4547
4574
4593
4780
4784
4914
5094
5267
5341
5517
5616
5815
5878
6104
6181
6207
6339
6436
6534
6751
6830
6865
6876
6897
6954
6982
7049
7064
7160
7296
7396
7484
7663
7711
7721
7935
7951
7981
8075
8092
8167
8298
8381
8395
8463
8522
8557
9105
9260
9306
9341
9410
9451
9489
9519
9636
9808
9852
9948
10007
10054
10262
10342
10345
10383
10499
10706
10731
10978
10994
11086
11096
11157
11208
11239
11242
11277
11363
11564
11644
11764
11899
11924
11944
12068
12283
12485
12560
12625
12735
12882
12936
13242
13251
13484
13545
13694
13728
13741
13784
14066
14270
14276
14615
14624
14667
14837
14909
15031
15075
15162
15191
15468
15474
15478
15611
15676
16049
16137
16157
16220
16432
16436
16620
16674
16720
16809
16840
16907
16935
17468
17485
17541
17621
17626
17679
17772
17800
17823
17941
17982
17996
18081
18097
18108
18170
18177
18391
18401
18436
18693
18696
18726
18868
18950
19187
19192
19284
19422
19424
19548
19610
19660
19674
19971
20565
20625
20788
21047
21068
21074
21120
21195
21206
21244
21331
21400
21547
21571
21668
21988
22018
22167
22198
22469
22628
22686
22762
22813
22848
22878
22937
23057
23085
23701
23901
23987
24062
24082
24242
24256
24305
24318
24342
24500
24584
24685
24737
24885
24991
25030
25212
25291
25314
25417
25450
25482
25609
25660
25679
25800
26013
26041
26066
26092
26184
26209
26255
26344
26384
26465
26569
26776
26916
26920
26946
26972
27214
27240
27549
27557
27573
27585
27644
27767
27812
28141
28192
28251
28561
28627
28712
28833
28837
28864
28965
29019
29105
29143
29283
29324
29336
29492
29571
29711
29821
29835
29836
30104
30106
30108
30243
30305
30642
30713
31138
31338
31405
31454
31497
31748
31768
31848
31862
31996
31997
32291
32384
32413
32443
32471
32633
32780
32874
33107
33397
33446
33591
33639
33679
33765
33783
33790
33798
33993
34002
34030
34356
34380
34449
34565
34732
34750
34942
35013
35123
35531
35609
36250
36504
36620
36659
36763
36928
37011
37158
37314
37438
37562
37696
37751
37786
37828
37879
38009
38442
38467
38491
38637
38849
38874
38922
39083
39305
39679
39784
39813
39861
39946
40375
40609
40692
40786
40808
40841
40847
40891
41006
41031
41104
41225
41244
41250
41265
41276
41288
41372
41421
41433
41519
41555
41599
41603
41739
41916
42072
42073
42147
42245
42327
42414
42611
42682
42711
42826
42881
42933
43026
43034
43187
43418
43663
43828
43829
43960
43964
44008
44081
44124
44159
44196
44267
44493
44536
44560
44589
44612
44774
44885
44893
44894
44915
45115
45208
45329
45347
45352
45732
45981
46545
46554
46557
46594
46934
46963
47172
47250
47300
47478
47498
47522
47702
47895
47899
47953
47998
48601
48609
48801
48872
49015
49196
49499
49593
49603
49647
49702
49731
49760
49871
