102
113
145
389
488
638
651
825
916
951
954
993
995
1148
1180
1205
1302
1308
1636
1729
1767
1892
1929
2139
2429
2582
2601
2711
2769
2866
2943
2949
3067
3080
3107
3213
3230
3310
3423
3470
3654
3779
3801
3822
3865
3875
3951
4021
4051
4125
4304
4449
4472
4474
4588
4704
4813
4846
4851
4865
4899
5034
5139
5273
5481
5490
5493
5519
5542
5677
5841
5880
6051
6514
6565
6591
6834
6854
6925
6993
7015
7017
7031
7083
7178
7270
7290
7372
7524
7595
7682
7819
7841
7932
7936
8008
8040
8179
8292
8462
8616
8848
8946
9218
9380
9487
9579
9833
10058
10061
10066
10074
10099
10104
10243
10416
10417
10518
10650
10882
10983
11038
11074
11182
11257
11359
11665
11687
11798
11950
11985
12053
12078
12122
12233
12526
12529
12645
12802
12897
12928
12963
13029
13211
13253
13422
13442
13454
13503
13693
13695
13836
14058
14305
14436
14549
14691
14727
14826
14865
14996
15063
15073
15117
15120
15423
15442
15559
15585
15681
15703
15766
15812
16016
16148
16201
16210
16923
16974
17147
17197
17304
17509
17693
17704
17802
17903
18393
18400
18449
18460
19094
19118
19181
19191
19554
19597
19620
19801
19967
20039
20078
20332
20413
20446
20583
20620
20699
20735
20804
20970
21069
21103
21109
21342
21579
21645
21951
21967
22002
22138
22274
22450
22647
22660
22732
22736
22782
22843
23270
23361
23505
23853
23909
24046
24154
24228
24293
24358
24545
24619
24635
24809
24923
25090
25099
25134
25399
25413
25514
25973
26299
26319
26476
26580
26646
26714
26809
27019
27056
27242
27342
27417
27514
27551
27560
27607
27678
27761
27884
27902
27921
28116
28139
28205
28527
28529
28576
28584
28628
28682
28953
29036
29170
29225
29391
29495
29496
29663
29840
30185
30288
30335
30378
30665
30683
30771
30853
31043
31311
31321
31801
31822
32066
32117
32185
32331
32771
32837
32866
32876
33003
33004
33174
33177
33267
33272
33312
33329
33634
33689
33791
33793
33850
33880
33996
34109
34225
34426
34433
34481
34630
34743
34784
34888
34974
35006
35028
35361
35390
35445
35576
35641
35649
35690
35775
35868
35882
36030
36063
36124
36232
36241
36339
36340
36371
36395
36429
36472
36710
36715
36753
36801
37030
37049
37055
37057
37075
37227
37238
37339
37381
37434
37547
37609
37645
37771
38039
38059
38204
38272
38364
38565
38612
38786
39258
39400
39730
39748
40009
40048
40069
40204
40230
40296
40386
40558
40588
40659
40736
40753
40758
40806
40917
41304
41403
41481
41542
41557
41626
41665
41705
41747
41796
41904
41995
42042
42050
42222
42333
42349
42467
42509
42661
42727
42842
42844
42869
42937
43098
43151
43232
43247
43260
43286
43420
43490
43660
43786
43897
43943
43969
43974
44104
44162
44176
44200
44237
44258
44264
44413
44568
44629
44872
45151
45163
45268
45292
45367
45436
45465
45545
45625
45664
45780
45934
46138
46155
46310
46335
46523
46589
46743
46937
46978
46992
47019
47109
47125
47133
47355
47410
47596
47622
47681
47757
48043
48172
48332
48414
48926
48971
49000
49186
49250
49252
49257
49483
49720
49929
