12
164
274
314
318
324
362
466
472
625
871
1029
1136
1143
1296
1402
1660
1854
1913
1919
2147
2542
2544
2753
3040
3221
3314
3340
3438
3486
3507
3522
3555
3569
3726
3833
3842
3876
4019
4037
4170
4269
4381
4419
4877
5073
5244
5257
5275
5368
5450
5454
5578
5586
5656
5658
5904
6057
6141
6173
6195
6227
6271
6277
6570
6578
6761
6961
7027
7334
7415
7442
7471
7586
7660
7671
7959
8061
8070
8078
8099
8170
8207
8253
8257
8291
8331
8518
8553
8573
8580
8581
8727
9111
9512
9541
9637
9700
9746
9872
9891
9902
10283
10309
10381
10505
10519
10699
10727
10757
10901
10909
10923
11084
11296
11405
11431
11449
11470
11501
11544
11600
11714
11832
11901
12171
12210
12252
12380
12408
12518
12543
12801
12855
12866
12926
12950
13204
13309
13318
13458
13546
13944
14041
14057
14131
14151
14162
14398
14557
14582
14807
14832
14992
15113
15141
15304
15317
15358
15403
15808
15899
15939
16228
16328
16393
16437
16467
16643
16784
16791
16838
16841
16897
16905
17244
17455
17503
18202
18626
18644
18646
18702
18917
18922
18937
19060
19595
19657
19817
19830
19839
20263
20497
20686
20690
20824
20923
21064
21512
21590
21695
21973
21991
22059
22110
22190
22192
22204
22254
22457
22681
22717
22835
22970
23071
23130
23402
23431
23483
23634
23681
23719
23809
23955
24003
24024
24031
24178
24387
24393
24416
24633
24714
24715
24852
24901
24919
24921
25139
25265
25557
25615
25724
25771
25817
25922
25997
26065
26276
26399
26440
26471
26501
26553
26562
26712
26852
26895
26921
26965
26976
27035
27053
27063
27297
27314
27407
27487
27707
27709
28096
28101
28164
28254
28265
28280
28347
28404
28488
28783
28853
28888
28893
29103
29229
29348
29478
29650
29749
30049
30102
30203
30450
30468
30528
30639
30769
30911
31065
31074
31169
31194
31210
31249
31443
31456
31555
31602
31729
31759
31775
31815
32028
32106
32115
32175
32277
32299
32349
32368
32376
32417
32449
32602
32644
32725
32741
32847
32858
32944
33090
33298
33382
33477
33522
33687
33709
33729
33931
34088
34248
34267
34305
34340
34412
34471
34517
34608
34612
34673
34875
34883
34911
35285
35333
35336
35369
35774
35829
35967
36192
36194
36261
36272
36295
36301
36327
36329
36437
36492
36520
36631
36688
36690
36705
36727
36799
37064
37189
37510
37521
37781
38171
38355
38486
38538
38738
39114
39228
39262
39264
39514
39637
39822
40082
40083
40367
40408
40409
40462
40636
40655
40656
40905
40952
41181
41221
41547
41627
41672
41719
41778
41895
41900
41968
41977
42250
42485
42519
42541
42626
42656
42693
42783
42833
42901
42971
42973
43081
43249
43293
43320
43429
43442
43453
43606
43699
43765
43830
43866
44030
44112
44213
44260
44309
44417
44513
44523
44697
44718
44909
44928
45064
45076
45147
45189
45366
45373
45482
45656
45688
45695
45757
45852
45853
46147
46394
46405
46550
46768
46825
46832
46908
46951
47124
47306
47319
47516
47534
47572
47675
47737
47862
47957
47982
48025
48231
48242
48289
48590
48703
48832
49368
49631
49708
49832
49838
49858
49906
