83
117
243
476
485
601
956
1113
1193
1269
1325
1346
1438
1448
1525
2114
2176
2267
2348
2363
2414
2456
2536
2567
2650
2673
2675
2703
2802
2910
2932
2939
2941
2963
3130
3186
3274
3489
3554
3558
3612
3699
3892
4119
4245
4334
4369
4414
4476
4527
4587
4696
4918
4984
5046
5068
5081
5333
5338
5357
5600
5726
5734
5740
5873
5949
6184
6248
6324
6606
6610
6661
6820
6886
6927
7076
7081
7264
7366
7670
7772
7788
8046
8178
8212
8249
8296
8354
8517
8529
8539
8608
8614
8755
8870
8880
9021
9024
9058
9115
9185
9326
9360
9400
9520
9623
9785
9885
9952
10011
10121
10123
10185
10214
10225
10404
10500
10641
10683
11113
11255
11379
11439
11462
11473
11757
11799
11868
11898
12004
12041
12148
12258
12259
12277
12349
12396
12457
12514
12574
13048
13116
13238
13435
13457
13599
13821
13858
13949
14094
14422
14481
14584
14610
14759
14789
14901
14928
14940
15056
15151
15207
15374
15417
15513
15531
15537
15690
15788
15898
15919
16028
16126
16208
16221
16357
16400
16500
16638
16702
16866
16932
16970
17118
17141
17462
17930
18073
18096
18188
18482
18526
18618
18673
18758
18835
19069
19270
19296
19453
19561
19639
19785
19850
20001
20217
20290
20451
20466
20500
20666
20737
20764
20856
20917
20956
21306
21322
21418
21713
21885
21896
22049
22326
22337
22525
22634
22830
22998
23041
23063
23091
23190
23233
23293
23344
23377
23593
23614
23621
23652
23783
23861
23891
23906
23940
23951
24077
24120
24136
24321
24332
24357
24362
24417
24471
24770
25013
25032
25166
25455
25475
25508
25638
25717
25769
25852
25905
25942
25945
25951
26676
26814
26955
27015
27115
27349
27804
27813
27984
28006
28076
28154
28159
28286
28359
28451
28468
28699
28720
28746
28870
29090
29220
29223
29280
29314
29412
29622
29696
29714
29830
29962
29992
30081
30099
30150
30178
30188
30208
30212
30250
30313
30325
30509
30563
30669
30816
30860
30881
31036
31140
31276
31503
31646
31651
31818
31821
31922
32014
32053
32243
32363
32517
32737
32798
32819
32855
32998
33011
33132
33227
33247
33337
33358
33408
33682
33865
33987
34012
34134
34196
34215
34231
34485
34564
34827
34939
35070
35113
35406
35430
35759
35804
35937
35956
36290
36348
36350
36406
36445
36501
36579
36813
37174
37333
37362
37451
37457
37681
37710
37752
37759
37778
37798
37908
37980
38223
38441
38778
38819
39108
39230
39316
39367
39371
39437
39478
39581
39582
39596
39607
39667
39842
39859
39910
39935
39968
40054
40079
40272
40365
40677
40732
40931
41157
41158
41339
41395
41704
41816
42132
42384
42597
42623
42712
42734
42757
42882
42889
42905
43053
43172
43205
43336
43376
43462
43482
43506
43523
43535
43656
43667
43801
43930
44097
44137
44271
44284
44435
44498
44806
44953
44970
45099
45123
45194
45202
45272
45283
45325
45721
45823
45903
45909
46003
46103
46227
46252
46383
46464
46520
46556
46889
46961
46981
47042
47054
47352
47392
47474
47592
47608
48021
48027
48229
48610
48657
48734
48765
48828
48895
48902
48949
49133
49158
49304
49365
49790
49949
