10
15
80
101
156
166
200
218
223
226
248
551
735
1062
1446
1494
1734
2213
2214
2300
2311
2757
2808
2823
2830
2946
2984
3307
3495
3524
3745
3758
3965
3970
3991
4155
4457
4519
4800
4912
4922
4999
5021
5320
5340
5344
5405
5414
5451
5466
5525
5570
5621
5632
5673
5688
5711
5752
5887
5930
6006
6124
6229
6407
6542
6574
6639
6696
6776
6795
6957
7060
7295
7493
7584
7600
7639
7999
8031
8082
8415
8422
8683
8962
9660
9764
10125
10154
10340
10384
10386
10645
10689
10778
10790
10953
11011
11046
11082
11117
11169
11179
11265
11427
11500
11516
11597
11775
11797
11822
11867
11883
12025
12135
12168
12184
12263
12386
12412
12697
12786
12931
13077
13219
13387
13473
13489
13724
13745
13811
13825
13903
13996
14096
14172
14272
14346
14374
14383
14438
14473
14527
14659
14670
14815
15044
15098
15132
15148
15156
15263
15580
15730
15822
15897
15903
15936
15980
16211
16212
16303
16316
16449
16475
16610
16682
16816
17018
17233
17307
17437
17467
17472
17522
17931
17947
18034
18143
18147
18172
18206
18253
18357
18522
18624
18637
18749
18785
18875
19080
19268
19303
19357
19522
19637
19725
19899
20120
20430
20453
20644
20687
20763
20897
20919
20997
21202
21265
21343
21397
21409
21506
21575
21774
21997
22175
22200
22227
22391
22556
22599
22648
22654
22663
22685
22737
22753
22776
23011
23215
23370
23374
23492
23610
23668
23828
23943
24067
24205
24369
24427
24442
24641
24768
25126
25177
25252
25284
25386
25467
25537
25704
25887
26139
26365
26504
26858
27032
27250
27273
27640
27672
27805
27868
27895
27986
28001
28004
28010
28132
28163
28472
28524
28623
28649
28733
28986
29050
29160
29377
29450
29457
29503
29620
29686
29734
30000
30158
30202
30229
30268
30307
30326
30647
30686
30725
30760
30788
30930
30940
31403
31502
31593
31843
31964
31970
32037
32039
32305
32307
32439
32620
32634
32685
32758
32802
32835
32839
32848
32852
32939
33238
33241
33368
33421
33506
33518
33694
33832
33859
33942
34011
34070
34103
34160
34352
34395
34501
34507
34896
35009
35244
35268
35280
35634
35772
35777
36066
36070
36161
36185
36238
36336
36369
36418
36581
36656
36766
36793
36912
37062
37628
37727
37780
37794
37857
37881
37909
37919
37929
38041
38094
38386
38395
38449
38592
38593
38834
38861
38868
38893
38905
39069
39225
39279
39280
39348
39358
39686
39712
39804
40098
40196
40353
40449
40454
40488
40525
40640
40856
41196
41341
41383
41455
41565
41688
41734
41736
41852
41876
41901
41951
42032
42129
42159
42181
42191
42224
42552
42628
42637
42644
42815
42909
42970
43077
43777
43859
44046
44085
44266
44285
44315
44453
44509
44582
44596
44644
44790
45038
45072
45109
45131
45146
45285
45328
45385
45388
45547
45631
45674
45744
45884
45886
46089
46104
46187
46231
46350
46368
46513
46629
46634
46661
46764
46877
46962
47014
47084
47340
47358
47366
47456
47583
47593
47632
47788
48209
48310
48448
48544
48671
48932
49064
49074
49097
49155
49378
49423
49646
49693
49729
49745
49860
49887
49897
49899
49900
49920
49952
