48
73
76
229
257
384
417
495
555
570
603
630
720
798
1007
1154
1306
1353
1671
1791
1801
1816
1922
2075
2102
2113
2280
2597
2713
2780
2905
3034
3149
3295
3330
3347
3406
3506
3537
3675
3741
3812
3949
4041
4173
4467
4633
5009
5011
5040
5042
5146
5178
5362
5430
5461
5530
5533
5587
5591
5675
5741
5746
5778
5896
5988
6054
6201
6269
6311
6341
6352
6382
6492
6597
6635
6683
6711
6798
6970
7207
7236
7317
7539
7573
7688
8022
8032
8093
8116
8435
8519
8546
8611
8807
8891
8969
9140
9168
9246
9406
9457
9536
9861
9889
9899
10047
10247
10249
10364
10373
10430
10458
10532
10787
10883
10891
10914
10961
11021
11114
11168
11406
11774
11782
11886
11908
12087
12089
12440
12536
12673
12695
12714
12718
12843
12945
13109
13159
13378
13415
13423
13471
13516
13548
13731
13763
13883
13952
14084
14174
14209
14268
14449
14518
14743
14873
14990
15055
15200
15232
15236
15487
15526
15567
15571
15745
15901
15959
16002
16031
16059
16118
16333
16439
16455
16580
16600
16618
16733
16917
16941
16962
17008
17066
17162
17490
17500
17578
17702
17764
17825
18249
18639
18915
18973
19043
19054
19073
19171
19196
19221
19288
19319
19338
19370
19372
19421
19723
19752
19836
19843
19969
20030
20118
20149
20206
20239
20269
20340
20506
20624
20681
20876
21038
21132
21169
21276
21438
21509
21656
21688
21698
21733
21792
22011
22133
22210
22212
22307
22398
22580
22608
22709
22783
22821
22861
22899
22928
23547
23591
23677
23904
23917
24027
24068
24089
24294
24341
24466
24565
24799
24850
24933
25143
25301
25430
25462
25581
25688
25789
25918
26043
26225
26331
26335
26389
26431
26505
26510
26585
26592
26716
26731
26738
26740
26749
26816
26851
27150
27249
27304
27390
27569
27711
27757
27819
27898
28119
28168
28182
28356
28360
28512
28567
28568
28662
28740
28751
28996
29070
29095
29224
29301
29311
29313
29488
29511
29721
30084
30149
30333
30529
30755
30932
31154
31201
31215
31314
31316
31354
31806
31809
31875
31988
32051
32103
32673
32872
32877
32964
33193
33255
33455
33585
33636
33707
33741
33910
33976
34007
34056
34072
34097
34123
34335
34445
34499
34516
34725
35014
35202
35507
35719
35954
35994
36163
36265
36363
36383
36542
36699
36720
36735
36803
36819
36857
36993
37126
37164
37437
37466
37498
37505
37627
37659
37716
38161
38215
38217
38285
38452
38558
38596
38692
38703
38721
38856
39028
39032
39170
39288
39353
39742
39891
40213
40291
40332
40418
40467
40484
40785
40803
40876
40898
40918
41034
41042
41140
41142
41174
41263
41779
41833
41851
41994
42109
42165
42205
42232
42300
42305
42481
42536
42568
42619
42624
42688
42695
42698
42714
43065
43153
43298
43324
43349
43373
43411
43415
43455
43504
43808
43901
44043
44197
44288
44411
44465
44577
45094
45140
45399
45537
45641
45724
45786
45881
46031
46393
46428
46458
46576
46618
46681
46775
46790
46947
47000
47027
47039
47337
47351
47408
47417
47432
47451
47512
47734
47744
47837
47894
47947
47990
48214
48534
48955
49247
49325
49623
49983
