45
138
358
431
605
608
765
775
827
845
978
1022
1217
1475
1572
2086
2362
2581
2751
2770
2775
2786
2792
2803
2861
2885
3075
3089
3090
3123
3233
3245
87
216
375
457
539
622
634
655
991
992
1142
1164
1343
1385
1493
1692
1736
1867
1996
2111
2276
2520
2656
2665
2961
2962
2988
3050
3099
3167
3299
3301
40
49
165
287
305
446
769
905
1037
1135
1248
1264
1539
1619
1811
1842
1880
2058
2146
2355
2411
2467
2488
2580
2630
2639
2842
2895
2916
3002
3032
3219
157
184
187
232
236
363
504
640
758
771
863
941
1317
1440
1449
1667
1710
1977
2081
2104
2261
2282
2373
2617
2851
2871
2957
3086
3139
3155
3269
3302