26
29
81
111
127
129
160
173
326
357
698
794
829
832
936
1058
1107
1123
1373
1376
1417
1459
1531
1537
1554
1682
1704
1716
1774
1810
1820
1928
33
170
210
247
292
365
396
432
463
514
594
615
645
802
848
958
983
1175
1313
1314
1691
1738
1814
1835
1917
1934
1982
2175
2323
2424
2972
3105
86
136
169
233
265
268
280
327
333
334
448
627
712
724
750
800
813
1038
1272
1428
1469
1656
1931
1978
2096
2177
2191
2254
2328
2338
2358
2447
125
191
284
394
426
508
715
965
1014
1025
1027
1073
1088
1101
1247
1356
1392
1627
1796
1973
2062
2155
2326
2493
2546
2742
2771
2785
2798
2816
2860
2906