116
193
209
279
320
415
454
624
717
895
932
1120
1139
1185
1225
1245
1673
1824
1831
1855
2116
2330
2450
2572
2670
2739
2740
2754
2815
2919
2956
2992
93
107
199
554
633
639
759
831
851
1206
1405
1420
1465
1527
1677
1690
1847
1881
2005
2036
2152
2248
2260
2297
2532
2628
2840
2931
3014
3129
3469
3479
22
126
445
460
572
676
739
743
788
947
1259
1331
1484
1580
1609
1731
1896
2074
2083
2198
2321
2460
2466
2508
2529
2564
2674
2722
2990
2997
3020
3109
14
19
54
373
434
436
516
568
574
583
680
738
814
844
856
923
924
1069
1093
1111
1166
1371
1432
1478
1490
1569
1606
1658
1793
1987
2144
2173