300
321
359
462
526
541
653
823
997
1192
1286
1335
1516
1526
1630
1643
1909
1950
2054
2094
2349
2354
2389
2516
2801
2824
3084
3088
3342
3388
3645
3674
104
183
468
473
544
670
749
807
1064
1130
1251
1437
1508
1552
1566
1578
1661
1742
1806
2130
2211
2316
2336
2513
2524
2682
2789
2833
2870
3078
3154
3169
141
174
221
352
524
582
591
719
727
737
837
897
899
913
1278
1359
1642
1647
1695
1754
1894
1948
2095
2216
2295
2302
2422
2575
2657
2705
2828
2971
143
147
205
296
435
537
790
797
816
826
890
972
1008
1044
1049
1169
1181
1182
1218
1339
1923
1924
2038
2089
2157
2228
2313
2462
2632
2716
2718
2728