25
39
109
289
350
535
569
571
611
635
754
858
877
979
994
1031
1033
1122
1406
1464
1503
1509
1775
1883
1887
2013
2039
2184
2190
2275
2376
2619
162
303
381
477
480
518
521
803
887
935
1068
1127
1326
1349
1372
1398
1574
1604
1663
1707
1790
1866
1957
2012
2049
2115
2158
2195
2199
2202
2207
2215
5
198
222
263
496
668
953
1083
1186
1244
1312
1342
1439
1485
1513
1557
1809
1941
1997
2002
2018
2171
2235
2353
2378
2401
2636
2723
3045
3318
3334
3430
23
52
132
139
332
341
374
405
478
600
853
912
1137
1190
1200
1688
1721
1748
1849
1884
2008
2032
2150
2334
2416
2489
2592
2615
2660
2915
2967
2983