70
419
511
650
751
768
1056
1112
1344
1358
1547
1561
1756
1815
1825
1890
1972
2084
2101
2243
2279
2487
2678
2804
2814
2903
3279
3404
3418
3539
3546
3634
99
105
730
757
770
892
1030
1151
1188
1204
1207
1224
1262
1488
1797
1800
1829
1893
2040
2064
2136
2142
2725
3411
3588
3663
3687
3703
3775
3824
3901
3986
112
197
538
626
667
709
925
948
1189
1297
1305
1387
1435
1462
1466
1483
1615
1623
2046
2133
2160
2246
2298
2309
2486
2494
2547
2562
2573
2589
2608
2959
94
151
261
400
545
547
564
801
894
934
1046
1246
1304
1391
1498
1568
1714
1838
2025
2027
2028
2681
2731
2736
2899
2922
3190
3191
3321
3547
3617
3673