11
131
245
347
349
418
501
704
830
999
1492
1823
1848
2056
2108
2145
2285
2359
2392
2543
2545
2552
2624
2638
2677
2700
2719
2917
2951
2960
3408
3497
17
43
103
302
312
428
458
491
530
733
886
903
1168
1294
1687
1720
1733
1761
1770
2100
2197
2258
2637
2662
2709
2761
2976
3008
3015
3058
3092
3303
58
188
323
490
578
598
637
657
692
707
740
767
888
929
968
1021
1146
1267
1291
1311
1328
1451
1576
1772
1860
1903
2026
2103
2106
2210
2317
2399
97
146
301
422
962
1289
1482
1549
1640
1872
1944
1970
2122
2138
2154
2259
2491
2565
2633
2835
2896
2955
2995
3039
3081
3121
3270
3291
3306
3311
3354
3360