18
192
293
340
361
648
684
697
1066
1081
1090
1124
1157
1194
1212
1223
1253
1268
1322
1404
1512
1629
1646
1906
1999
2045
2322
2329
2364
2385
2437
2478
36
186
196
234
489
503
654
673
675
783
975
1105
1241
1395
1412
1429
1481
1641
1943
2097
2132
2156
2263
2377
2596
2841
3009
3232
3335
3344
3369
3401
12
164
274
314
318
324
362
466
472
625
871
1029
1136
1143
1296
1402
1660
1854
1913
1919
2147
2542
2544
2753
3040
3221
3314
3340
3438
3486
3507
3522
66
95
311
402
497
796
861
880
971
1258
1413
1694
1723
1857
1945
2109
2174
2331
2346
2351
2420
2666
2744
2813
2829
2863
3069
3183
3199
3231
3265
3482