124
337
410
483
531
910
969
981
1119
1215
1232
1638
1713
1766
1789
2393
2405
2659
2680
2774
2907
3161
3262
3336
3372
3474
3478
3494
3598
3639
3903
3913
48
73
76
229
257
384
417
495
555
570
603
630
720
798
1007
1154
1306
1353
1671
1791
1801
1816
1922
2075
2102
2113
2280
2597
2713
2780
2905
3034
6
47
230
231
276
452
540
584
746
791
1034
1074
1095
1108
1115
1141
1171
1277
1476
1497
1502
1573
1603
1607
1649
1685
1686
1744
1956
2034
2314
2427
313
372
449
613
869
985
1026
1327
1407
1532
1534
1536
1708
1725
1912
2052
2068
2474
2514
2523
2610
2641
3038
3068
3144
3148
3338
3413
3454
3620
3636
3709