62
171
175
366
486
782
824
867
891
1347
1424
1588
1678
1700
1709
2043
2463
2574
2629
2782
2849
2958
2966
3062
3329
3471
3564
3606
3632
3644
3899
3938
50
98
201
335
346
628
656
859
898
944
1063
1082
1099
1390
1423
1785
1914
1946
2061
2110
2117
2169
2244
2277
2292
2325
2410
2445
2611
2634
2859
2986
20
148
194
536
561
581
665
690
728
774
883
1075
1096
1220
1240
1274
1453
1514
1575
1583
1751
2153
2432
2484
2721
2914
2934
2942
3035
3419
3445
3449
82
96
329
444
461
777
833
866
959
1045
1086
1221
1261
1379
1499
1589
1625
1730
1963
2019
2218
2571
2672
2935
2968
3022
3133
3142
3256
3341
3428
3549